VNC_app_v-1.0/example_data/views_to.asc
ncols         281
nrows         251
xllcorner     277495
yllcorner     141995
cellsize      10
NODATA_value  -9999
[rows 204 to 237 of 251, columns 152 to 227 of 281]
80922 80520 80397 80710 81204 82229 83240 83182 79452 80476 80089 79267 77352 76695 75374 75065 73782 72860 71231 69919 69120 67956 67396 66943 65749 63573 58788 52086 45134 39927 32084 24648 18798 16794 15370 14650 14445 15353 15663 16673 18065 19428 21462 23601 24886 26438 26811 28176 30244 35312 41015 45016 51259 55316 57108 57604 58528 58857 58520 56492 53952 50316 47443 41340 33276 29656 27328 24897 22671 20417 18835 16805 15669 14505 13668 13315
80377 79857 80050 79947 80993 81547 82156 80334 80373 78442 78751 77786 76545 74715 74047 73683 72393 70996 69664 68446 67265 66066 65036 64202 62225 57065 51273 45008 39592 34396 27380 21256 17822 16282 15117 15268 16009 16604 16720 17959 19262 21525 23369 25235 26571 27207 28222 29074 33074 39630 45008 51645 56234 58995 60511 64500 63400 62070 60693 59785 56552 53919 49929 44758 37926 31069 28159 25405 22981 20874 19192 16950 15632 14403 13536 13045
80261 79652 79364 79626 80270 81118 79668 80875 79064 77671 76807 76763 75124 74014 73274 71979 70508 69953 68488 67296 65580 64162 62674 59709 54694 50701 44521 38287 33107 28005 22984 18687 17644 16767 15856 16753 17296 17727 18106 19260 21167 23405 25243 26624 27307 28655 29209 32766 37360 43614 49805 55572 60536 62442 67787 68134 64604 62744 62034 60964 57592 55437 52507 48304 41394 32351 28962 26171 23636 21532 19589 17138 15642 14318 13398 12877
80197 79327 79698 79281 79913 79523 79978 79027 77547 76604 76087 74536 74004 72667 71974 69987 69152 67501 67116 65761 64046 61573 56654 52225 49295 43282 37377 32218 25874 20634 17765 17834 17603 17579 17216 17726 18091 18532 19529 20903 23378 25394 26523 27575 28866 30580 32871 36004 42550 48974 54978 61278 64038 69567 71998 69405 66906 65015 63946 61651 58646 56819 54228 50149 44595 37144 30172 27205 24457 22247 20043 17498 15726 14332 13388 12911
79510 79280 79068 78678 77945 78454 78208 77387 76182 76257 74851 73900 72801 72010 69859 68517 66788 65892 64681 63451 59250 54736 51371 47216 42387 36251 31571 24966 19562 15472 15099 16971 17925 17744 17499 17501 18410 19460 21243 23042 25445 26902 27836 29221 31287 34346 36269 40986 47078 53967 60922 65714 72716 74487 74270 71799 68097 66072 63952 62032 59404 57571 55480 51722 47381 40878 31605 28145 25247 23027 20745 17955 15958 14481 13496 13022
79228 78575 78445 77799 77776 77205 77035 75841 75497 74649 74279 73084 72010 70143 68495 66884 65236 63233 60387 56858 53482 50740 45693 40457 34990 30086 24141 18707 14909 13530 13060 15535 16480 16738 17156 16178 17442 19968 22074 24292 25745 27840 29475 31517 34050 36868 40248 44860 52204 61671 67141 75550 77445 77650 76362 72511 68967 66710 63982 61809 59931 58273 56362 53265 48979 43145 35262 29382 26177 23592 21351 18369 16106 14637 13563 13221
77882 77834 77333 77426 76171 75264 74911 74663 74263 73889 72797 72116 70336 68781 66996 65061 61498 57302 53428 51769 48383 43803 37800 33418 28175 22837 17319 14475 12646 11122 8858 9495 11788 13244 14744 15710 17164 18988 21036 24744 26799 29635 31629 33371 37095 41645 42916 50247 58850 67763 74413 78382 78250 76526 74677 71124 68643 65878 64661 61948 60629 58269 56501 53996 50256 45245 38083 29630 26728 24171 21757 18919 16282 14820 13730 13482
76851 75944 76261 74718 73745 72458 73221 72038 72507 72443 71425 69404 68324 66679 64515 60411 55362 52387 48489 44623 39928 34782 30853 25676 21014 15669 13693 12319 10852 7815 4183 6220 11507 12765 14532 15479 16927 19075 21473 25225 28575 31025 33179 34392 38630 45080 46918 54841 65635 75864 79310 80077 79881 77767 73568 70632 68005 66992 63819 61831 59524 58181 56516 54239 50680 45785 38778 29686 27035 24641 22179 19512 16750 15137 14027 13830
74346 74276 72968 72471 71227 70135 69259 69998 69778 70086 68288 66706 64390 62012 59203 55217 51687 46516 41736 36295 31785 27276 22888 18381 14434 12909 11878 10803 9273 5015 6018 10665 12159 13256 14639 16242 17535 19488 22882 26894 30079 31977 33728 35320 38544 49337 52002 60635 73863 79941 81242 81700 81492 79674 74207 71438 68955 65104 63668 61370 59256 57968 55882 53804 50426 45286 38880 30161 27334 25047 22756 20177 17236 15708 14593 14297
72144 71614 70720 69332 68341 66980 66532 66622 67186 66182 64737 62040 59320 55870 53428 50747 45380 39461 33985 29301 24172 20052 15745 13604 11978 10883 10129 9066 7167 6144 10082 11782 12867 13994 15403 16933 18420 20612 24092 28350 30844 33024 34074 35876 43138 52327 58404 68049 77922 81692 83219 83429 82604 80027 75243 73523 68747 66262 62891 60840 58970 57271 55159 53137 49892 45068 38636 30950 27621 25592 23445 21039 17765 16308 15339 14898
69512 68565 67037 66317 65105 64248 62944 62087 61997 60637 58690 56544 53924 51516 46666 43190 37579 32085 27007 22162 17683 14044 12329 11240 9602 9217 8110 7931 7406 9908 11648 12685 13733 15164 16580 17916 19999 22581 25928 29801 32067 33617 35158 36488 45291 55024 66074 76219 81585 83882 84778 84706 82650 79383 76062 72742 69179 65703 63645 60486 58621 56633 54607 52072 49000 44389 38688 31850 27967 26151 24122 22138 19065 16966 16114 15578
66180 65107 63871 62140 60790 59009 57802 56139 55435 55037 53402 51531 47867 44449 39909 35363 30235 24616 20120 15795 13485 11620 10127 9139 8898 7316 7667 8480 10376 11813 12700 13739 14889 16181 17665 19743 21970 24498 27524 31378 33178 34593 35844 37173 48573 59478 70785 80068 84082 85555 85770 85468 83358 79448 76105 71626 68324 66208 63729 60782 57793 55831 53539 51387 47320 43119 38029 32305 28050 26523 24746 23098 20514 17950 17157 16549
62176 60903 59285 57532 55597 53676 51517 50520 50168 50142 46747 44284 41931 37285 32269 27681 22583 18108 14349 12719 10707 9471 8677 8578 8366 8775 9339 10980 12489 13350 14083 14937 16097 17488 19713 22023 24074 26162 30294 32730 34206 35074 36451 42654 52138 66188 74294 83016 85792 86980 87391 86457 82766 79256 76424 71709 68837 66691 63453 60290 56793 55131 52228 48710 45297 40433 36712 31472 27906 26605 25143 23902 22402 20207 18346 17595
58313 56163 54412 52487 50784 49046 47196 45040 43876 42353 40347 36956 34471 29854 24812 20582 15954 13686 12013 10006 8578 7896 7934 8990 9573 10116 11341 13112 13912 14578 15367 16369 17663 20052 22386 24393 26276 29683 32482 33958 34945 36550 37920 46231 58778 71593 77896 86314 88042 88688 88273 86891 81887 78919 75252 72312 69487 66634 62906 59291 56242 54165 50821 45092 40042 33797 32622 30539 27617 26549 25494 24453 23416 21801 20537 18864
53645 51699 49679 47447 45136 43436 41192 39754 38438 35666 33106 29858 26511 22611 17959 14866 13316 11485 9236 8060 8063 8355 8855 9849 10723 11885 13496 14335 15109 15939 17006 18540 20907 23081 25251 27839 30285 32540 34510 35214 36023 37703 41410 52151 66645 75341 81938 88454 89841 89997 89004 86120 81442 78665 75412 73208 70244 66853 62739 58090 55736 51305 45317 40871 36463 32062 28059 27136 27052 26395 25718 24826 24142 23363 22320 21387
48275 45564 43688 41732 40103 39142 37560 35454 33606 30598 27719 24054 20423 16604 14316 12835 10889 9305 8619 8398 9037 9235 9991 11107 12431 14112 14761 15598 16591 17801 20082 22422 24533 26646 29032 31310 33527 34751 35983 36497 37395 41029 48873 58441 72138 80396 85143 89604 91349 91132 89133 85491 81639 78992 75873 73803 70806 66313 60702 57462 54309 47548 42565 39177 33871 30157 26287 25314 26110 26037 25794 25356 24756 24216 23890 23332
42866 41078 39269 37624 35747 35133 33843 31927 29418 26665 23180 19520 15624 14122 12829 10737 9255 8885 8771 9180 9638 10386 11517 12925 14655 15517 16322 17296 18794 21600 24269 26234 28008 30204 32334 34415 35764 36622 37218 38304 41004 47641 56001 67208 76820 85227 87294 91014 93126 91776 88321 85277 82610 79385 76682 73763 69707 64841 59539 56958 53606 46797 41828 37463 32343 28837 24283 23077 25516 25905 25952 25728 25294 24969 24854 24780
38935 36815 35154 33460 32491 31652 30339 28920 26147 23013 19211 15899 14584 13377 11565 9464 9065 9059 9370 10016 11085 12206 13418 15110 16245 17218 18304 20097 22753 25216 27265 29446 31273 33223 35036 36511 37523 39026 40117 42417 47641 56727 64211 71661 82649 87728 89639 93780 94726 91349 88006 86256 83113 79939 76926 73620 69457 65059 60002 56885 53074 46306 41241 36743 30950 26187 23169 21829 25079 25676 25809 25857 25793 25737 25693 25748
34605 33141 31860 29889 28501 28496 27557 25448 23383 19743 16421 15269 14255 13044 10296 9356 9256 9769 10552 11807 12874 14085 15559 16901 18077 19300 21454 23858 26013 28116 30037 31943 34418 35864 36902 38087 40070 42614 47545 50258 55226 62699 70441 77833 85133 90309 92346 96340 95472 90627 88895 87154 83973 80724 77707 74863 70326 65833 60060 56697 52626 46124 40687 35204 29675 24335 20479 21205 24612 25266 25705 26131 26325 26518 26789 27027
31185 29329 28066 27310 26349 25799 24783 23214 20502 17423 16288 15239 14276 12445 10420 9883 10311 11403 12513 13447 14699 16136 17470 18654 20577 22962 24859 26824 28709 30367 32482 34486 36755 38053 39071 40153 43719 49615 53799 58153 61991 68647 76347 82454 87933 92694 94513 98027 95490 91204 89701 87959 84579 81741 77943 75458 70292 65627 59992 56671 52895 46822 40543 34217 28388 22331 18844 20694 24638 25466 26135 26561 27115 27666 28159 28679
27375 26534 25166 24297 23980 23762 22376 20725 18361 17272 16463 15505 14591 12139 11225 11635 12333 13156 14153 15201 16691 18040 19368 21626 24053 25982 27784 29306 30590 32455 34718 36465 38453 39886 41304 44226 48141 54344 57338 61645 67461 73716 80353 86783 92017 94984 97448 100048 95374 91890 90822 88692 84935 82199 78934 75698 71203 66411 60357 56710 53430 48812 41221 33273 27819 22336 19961 23086 25451 25988 26737 27389 28243 29291 30600 31991
24469 23482 22484 21953 21939 21205 20415 18667 18056 17668 17243 16197 15693 13344 13014 13275 13910 14783 16000 17259 18728 20581 22600 24691 26842 28481 29871 31041 32493 33858 35364 37839 39408 41815 43657 47852 52686 57421 60567 63078 69322 77348 84858 89861 95362 98087 102189 100960 95962 93164 91398 90348 86023 82684 80282 76924 72394 66701 60629 56962 53870 49485 43618 34771 28308 23884 23838 25610 26088 26737 27607 28706 30325 32196 34022 35483
21712 21341 20443 19641 19525 19425 18460 18380 18105 17928 17552 16872 15506 14542 14445 14865 15611 16664 17963 19389 21785 23740 25436 26916 28860 30310 31606 32414 32711 34016 36176 38752 40965 43089 47825 51295 54537 59461 60504 66366 70692 79791 88695 93101 96890 102917 104361 101415 97239 94485 92356 91196 87241 84189 80448 77227 72431 67217 61456 57290 54069 50715 45519 39172 33246 29776 28692 28157 28302 28793 30580 32773 34437 36157 38001 40038
20193 18801 18395 17982 17044 17357 17916 18354 18429 18328 18238 17898 17171 16223 16391 16793 17546 18654 20334 22535 24462 26276 27687 28660 30173 31273 31752 32542 33452 35556 37412 39542 43140 47184 50493 53445 56059 59545 63518 66645 74055 81375 90511 97060 100268 106216 105671 102973 98490 95244 93762 91683 88149 84834 81418 78534 73312 68393 62112 57846 54542 51098 47107 42844 38245 34879 32892 32017 33192 34890 37214 39295 41090 43044 46032 47920
18273 17424 16449 16235 16277 16817 17382 17754 18342 18941 19079 19144 19219 19274 18366 18709 19486 21406 23130 24737 26860 28283 29500 29822 30281 31114 32072 33260 35168 36888 39224 42335 46677 49903 52591 55214 57802 62442 66906 69933 74734 83917 92886 99128 104656 107420 106783 104704 99459 96090 95166 92679 89457 86059 82173 78467 73876 68936 63273 59401 55728 51802 48446 45220 42280 39372 37602 38865 40279 42803 45589 47804 49793 52230 54872 57688
16817 15508 15955 16023 16196 16352 16814 16802 18050 18714 19243 19515 19886 20116 20559 21009 22784 23637 24175 24954 27534 28592 29945 30449 30627 31579 32628 34413 36745 39091 41916 46082 49576 52681 54873 57070 61382 64778 70369 73254 76967 86823 96257 100068 109355 109181 107838 105978 100979 97880 96048 93485 90175 86904 82763 79411 74875 69888 65488 61517 57443 53713 50907 48675 46468 45432 44941 45639 46810 49696 53530 54820 57799 59813 62802 65231
15737 15619 15829 15930 16168 16442 16469 16172 16777 18087 18556 19006 18980 19426 19627 18848 21059 21968 21916 22417 24409 27239 28923 30853 31544 32252 33629 35522 38203 41786 44817 49094 52436 54596 56758 59534 62011 67129 72382 78176 79278 87370 97867 103849 110494 110474 109116 107363 102267 99748 96859 94488 90907 87387 84094 81056 75616 70686 66609 63273 59798 55914 53643 52407 51562 51028 50707 51881 52606 55373 58960 61507 64667 66906 69040 71153
15546 15588 15767 16072 16264 16217 15928 14589 15310 16521 16701 16150 13892 13534 14262 15771 18102 19402 20191 21616 23823 26138 28487 30342 31959 32807 35156 37274 39900 44034 48466 52068 54987 56792 58593 60857 64987 70599 75664 78685 83336 89387 97475 105457 111829 111828 110920 108440 104844 100807 98391 95374 91879 88817 84330 79759 74790 70709 67666 64397 60865 58207 56127 54911 54461 54103 54843 53875 54314 59792 63633 66974 70223 72442 73674 75736
15637 15725 15839 15989 16027 15923 15265 14002 14502 14654 12964 11949 11023 10148 10947 13219 17000 19047 20034 21816 23597 25743 28080 30219 32111 34078 36520 39076 42233 46380 50882 53782 56778 59149 61023 63376 67389 72043 77098 80822 86074 89615 98789 105554 112534 113048 112525 110190 106788 102674 100509 95694 93721 88359 84373 80256 75208 70821 66913 64217 61346 59145 57612 56862 56146 57128 56921 56507 58309 61745 67990 72906 74908 77180 78388 79729
15768 15796 15909 15884 15860 15581 14905 13950 13534 12575 11208 9906 8313 7933 9147 11518 16825 19115 20719 22623 24403 26046 27736 29748 31622 34899 38333 40060 43567 48526 52342 55659 57866 61032 63070 64616 70540 73915 78424 83819 86452 91400 99817 105199 111021 114236 113987 111923 108789 104568 101528 98813 94484 89265 85469 80471 74902 69919 65882 62607 60813 58989 57695 56557 57065 54261 59610 56898 60339 67032 71943 77033 79274 81541 82510 83727
15811 15756 15788 15810 15735 15435 14453 13050 11848 11252 10398 8425 7589 8050 8808 11700 16362 19454 21257 23457 25036 26733 28464 30313 32339 35897 38532 41880 45287 48807 52593 56698 59840 61868 63736 65988 70470 77068 81276 84172 87863 93028 100913 107607 112321 116102 115999 114635 111095 106498 104108 99805 96133 92087 86348 80423 73971 67410 62269 59541 59498 57802 55926 55766 53055 51147 56424 60492 62790 72910 75580 80153 83102 85664 87366 88483
15903 15752 15805 15803 15570 14998 13287 11658 10596 10083 9085 7052 7199 8044 8793 12063 16646 19664 21746 23982 25841 27609 29653 31561 34780 37650 39933 43243 46953 50318 53521 56934 60237 62617 65184 67014 67360 79003 83865 87095 91507 94316 103403 109402 112621 116107 116386 116619 115490 109287 105854 101863 99138 93614 87068 80006 72819 65460 60632 57335 56408 54728 52655 48326 46321 49636 54192 59197 67099 77616 82480 82247 87403 90804 91740 92359
16232 16028 15946 15824 15373 14002 12157 10832 10112 9809 8699 6886 7121 7976 9657 12278 16978 19428 22188 24480 26397 28071 30423 33581 36211 38781 41860 45294 48480 51214 54075 56637 60388 62479 64929 66851 73701 82237 84380 86584 95168 97319 106890 109591 113973 117133 118749 118391 117016 110957 108325 103294 100388 95029 88960 80691 72268 64385 60086 56115 52494 49093 47445 44979 45126 48190 52614 58725 66941 80166 86881 89167 91238 95129 95688 96241
16675 16403 16147 15700 14746 12753 11549 10614 10097 9351 8271 7704 8172 8595 10184 12949 16690 19409 22315 24574 26691 28875 31997 36250 38088 40580 43587 46510 49686 52237 54766 57051 58936 64078 65896 68552 72738 77790 85359 88517 93814 100171 108097 110849 115948 118903 120250 120408 118797 113520 109527 106663 102466 96802 89210 80943 73042 65321 59189 53076 46913 43803 40877 41640 44502 48180 52172 57560 63874 81248 93119 94496 97168 99287 100214 100269
