VNC_app_v-1.0/example_data/views_from.asc
ncols         281
nrows         251
xllcorner     277495
yllcorner     141995
cellsize      10
NODATA_value  -9999
[rows 0 to 33 of 251, columns 154 to 230 of 281]
12247 12297 12385 12512 12599 12696 12813 12924 12956 14153 14817 14812 14310 12892 11698 10794 9858 9084 8490 7975 7432 6959 6489 6041 5540 5015 4666 4371 4059 3876 3692 3524 3348 3276 3397 3607 3890 4243 4642 6087 7727 8809 10051 11180 11767 11884 11711 11466 11296 11540 11974 11302 10647 12165 13899 15876 18465 21539 24892 28321 31571 34036 36501 38088 38953 39078 38552 38151 37736 37513 38410 40341 42359 44354 46471 49600 54102
11238 11322 11451 11603 11745 11912 12091 12213 12252 12315 12389 13410 13648 13669 12168 10966 10216 9413 8678 7975 7331 6774 6293 5877 5439 4966 4576 4317 4046 3861 3727 3628 3491 3411 3442 3594 3833 4117 4448 4896 6630 7484 8370 9167 9626 9876 9845 9904 10301 10950 11902 11343 11342 13355 15401 17672 21109 25518 30151 34922 39221 42546 45842 47629 48550 48897 48751 48540 48284 48015 48309 49093 51772 54787 58494 62199 66268
10206 10332 10439 10630 10808 11005 11198 11365 11492 11555 11619 11598 11683 12259 11741 10181 9405 8796 8123 7455 6930 6347 5799 5353 4982 4635 4338 4153 3977 3815 3759 3709 3640 3569 3560 3620 3806 4022 4259 4522 5232 6465 7007 7415 7823 8279 8590 8937 9576 10613 11923 11629 12224 14509 16990 20213 24963 30351 36030 41307 45778 49331 51583 52932 53800 54695 55551 56331 57361 57987 58841 60360 63019 66919 69220 70979 72934
9197 9281 9432 9660 9813 9998 10251 10461 10569 10686 10791 10815 10792 10572 9859 8332 7250 6899 6562 6132 5802 5462 5128 4821 4630 4293 4026 3934 3867 3745 3736 3755 3777 3759 3721 3740 3819 3943 4111 4285 4497 5430 5937 6175 6481 6936 7577 8240 9138 10495 12043 12427 13815 16385 19530 24021 29859 36035 41494 45727 49048 52290 54495 56107 57345 58585 59913 61717 64012 65054 66347 67671 69086 70543 71930 73367 74925
8257 8323 8405 8543 8728 8976 9190 9426 9635 9817 9949 10009 9993 9770 9097 7813 6809 6313 5875 5420 4989 4688 4368 4191 4123 3945 3769 3652 3656 3659 3672 3791 3881 3932 3973 3955 3913 3932 4006 4111 4246 4381 5167 5286 5521 5992 6730 7665 8771 10444 12296 13775 16299 19384 23307 28778 34549 39428 43542 47068 50321 53649 56070 58205 59827 61445 64052 65955 67115 67948 68744 69811 71061 72268 73360 74757 76077
7338 7377 7447 7545 7674 7823 8114 8454 8683 8916 9064 9159 9164 8944 8345 7274 6438 5956 5560 5195 4821 4388 4009 3807 3692 3600 3471 3430 3421 3515 3626 3780 3973 4122 4198 4167 4119 4000 3949 3935 3973 4059 4268 4629 4828 5297 6110 7187 8517 10366 12501 15040 19112 23020 26901 31008 35911 40501 44383 47824 50931 54483 57144 59461 61549 63659 65823 67329 68516 69490 70349 71300 72392 73424 74420 75484 76677
6604 6616 6639 6696 6769 6896 7098 7410 7747 7975 8143 8279 8262 8085 7552 6717 6105 5562 5220 4915 4602 4229 3849 3571 3378 3257 3161 3131 3206 3388 3624 3888 4093 4280 4422 4460 4382 4164 3926 3792 3723 3735 3759 4051 4307 4801 5618 6840 8424 10279 12754 15797 20227 24076 27765 31701 36508 40886 44674 48093 51325 54883 57704 60268 62478 64856 66846 68424 69715 70655 71564 72390 73252 74095 74964 75929 76973
5867 5854 5860 5844 5950 6084 6238 6478 6811 7040 7257 7373 7380 7227 6838 6258 5717 5253 4840 4557 4309 4005 3678 3379 3219 2977 2934 2966 3118 3363 3699 3961 4240 4490 4685 4774 4683 4420 4078 3656 3403 3333 3365 3485 3984 4488 5268 6629 8311 10390 12975 16300 20680 24538 28139 31887 36393 40731 44484 48055 51422 55040 58001 60570 63000 65567 67764 69383 70594 71548 72359 73053 73770 74495 75192 75981 76976
5429 5340 5313 5299 5286 5318 5392 5590 5884 6157 6377 6480 6492 6410 6119 5633 5216 4905 4501 4184 3969 3705 3444 3188 3032 2900 2910 3050 3308 3523 3884 4193 4474 4779 5046 5204 5178 4831 4204 3512 2925 2788 2725 3006 3628 4181 5010 6481 8228 10329 12920 16430 20748 24535 28047 31548 35592 40028 44021 47619 51130 54941 58116 60885 63401 66190 68544 70260 71471 72366 73036 73638 74144 74709 75204 75885 76747
5090 4971 4853 4758 4746 4751 4822 4973 5166 5307 5450 5524 5519 5428 5242 4893 4548 4328 4127 3946 3728 3480 3254 3052 2928 2892 3064 3278 3537 3807 4242 4633 5026 5335 5662 5813 5739 5347 4621 3480 3155 2905 2773 2725 2978 3813 4765 6264 8036 10145 12667 16159 20435 24143 27435 30845 34334 38749 43090 46794 50608 54640 58079 61082 63820 66731 69233 71123 72301 73100 73668 74025 74459 74727 75099 75541 76243
4919 4731 4538 4373 4265 4207 4194 4266 4332 4430 4522 4572 4608 4566 4449 4268 4000 3813 3627 3510 3440 3337 3229 3104 3090 3111 3341 3643 3973 4299 4756 5187 5531 5920 6305 6475 6369 5844 4789 3882 3501 3159 2913 2850 2901 3274 4397 5980 7709 9809 12243 15542 19722 23164 26371 29702 32950 37089 41505 45707 49641 53979 57860 61033 64101 67226 69871 71750 72874 73624 74075 74372 74477 74627 74797 75089 75549
4685 4412 4175 3956 3787 3663 3651 3634 3686 3746 3802 3873 3877 3862 3798 3708 3590 3493 3403 3302 3260 3214 3172 3115 3227 3386 3755 4108 4425 4853 5408 5906 6422 6905 7333 7480 7271 6669 5320 4409 3891 3521 3199 3034 3053 3278 3863 5344 7289 9270 11587 14519 18338 21715 24956 28132 31432 35185 39443 44125 48458 53121 57504 61000 64278 67602 70297 72237 73358 74063 74445 74570 74494 74480 74412 74552 74830
4434 4092 3808 3568 3351 3230 3151 3104 3145 3204 3245 3258 3280 3280 3267 3208 3156 3141 3164 3167 3203 3242 3315 3387 3576 3885 4304 4769 5113 5630 6303 6920 7425 8002 8499 8638 8338 7451 5879 4897 4331 3879 3516 3266 3194 3370 3698 4604 6268 8358 10517 13130 16423 19935 23245 26279 29660 33245 37238 41936 46934 51853 56942 60774 64200 67579 70502 72439 73652 74390 74604 74734 74501 74262 74043 73975 73990
4267 3870 3560 3317 3115 2938 2813 2758 2736 2754 2768 2783 2819 2808 2837 2854 2907 2978 3066 3156 3255 3371 3451 3640 3951 4410 4866 5396 5889 6641 7349 7914 8429 8979 9536 9700 9362 8309 6396 5412 4788 4304 3871 3579 3404 3473 3618 4104 5224 6953 9132 11494 14333 17924 21073 24272 27589 31215 35211 39660 44945 50351 55883 60015 63649 67024 70194 72246 73620 74304 74581 74521 74318 73929 73524 73265 73061
4165 3838 3589 3374 3148 2960 2869 2790 2754 2721 2717 2697 2685 2690 2706 2748 2833 2967 3067 3171 3294 3425 3578 3907 4370 4967 5605 6244 6942 7660 8243 8788 9381 10049 10608 10760 10331 9082 6911 5960 5314 4772 4251 3868 3662 3601 3625 3849 4527 5538 7532 9770 12356 15607 18867 22185 25427 29141 33085 37588 42482 48368 54295 58807 62599 65880 69319 71616 73040 73886 74220 74141 73851 73348 72810 72247 71743
4260 3964 3704 3518 3354 3240 3120 3033 2979 2923 2883 2859 2841 2832 2850 2891 2952 3056 3204 3346 3473 3624 3921 4411 5112 5800 6607 7192 7927 8571 9243 9818 10652 11379 11948 12059 11524 10122 7689 6511 5749 5256 4713 4193 3888 3815 3641 3737 4131 4783 5818 7828 10228 13135 16669 19881 23260 26792 30860 35312 40035 45496 51720 57055 60928 64283 67460 70347 72002 72910 73284 73302 73061 72574 71796 71069 70343
4377 4115 3899 3757 3664 3563 3475 3376 3313 3259 3220 3179 3146 3134 3132 3155 3205 3341 3490 3706 3893 4148 4689 5317 6038 6761 7524 8248 8977 9697 10437 11309 12235 13013 13453 13505 12915 11395 8745 7225 6245 5662 5109 4537 4114 3974 3736 3676 3896 4294 5009 6070 8233 10779 14270 17661 20948 24528 28490 32807 37643 42359 48137 54444 58667 62035 65002 68330 70364 71615 72088 72193 71995 71345 70439 69511 68609
4543 4318 4180 4110 4052 3978 3872 3767 3695 3622 3582 3536 3538 3533 3567 3688 3843 4020 4229 4446 4624 5056 5584 6292 6994 7960 8691 9442 10182 10971 11874 12971 13967 14715 15098 15031 14355 12623 9968 8151 6820 6100 5436 4802 4276 4103 3788 3659 3706 4070 4450 5216 6392 8708 11558 15422 18690 22124 25938 30235 34814 39558 44277 50317 55872 59315 62308 65462 67972 69699 70551 70827 70630 69766 68488 67136 65625
4885 4730 4639 4580 4571 4519 4463 4414 4352 4327 4336 4324 4357 4378 4478 4572 4695 4817 4990 5260 5689 6238 6873 7567 8512 9262 10027 10825 11718 12549 13686 15033 16092 16799 17133 16930 16017 14104 11081 9159 7450 6505 5735 5013 4404 4189 3744 3584 3564 3876 4192 4644 5498 6788 9309 12789 16410 19801 23246 27382 31848 36474 40927 45469 51696 56381 59342 62004 64773 66860 68252 68728 68482 67289 64934 62237 60143
5541 5370 5264 5264 5419 5542 5557 5531 5507 5517 5502 5467 5468 5438 5485 5536 5661 5831 6229 6750 7292 7871 8499 9368 10158 10877 11712 12595 13523 14722 16202 17560 18461 19023 19222 18858 17782 15660 12369 10131 8227 7133 6212 5361 4750 4419 3732 3418 3376 3626 3956 4344 4865 5798 7330 9944 13858 17286 20832 24417 28596 32964 37574 41766 46154 52258 56202 58832 61502 63582 64694 64924 63789 61899 59961 57360 54876
6087 6084 6112 6361 6706 6972 7154 7161 7142 7122 7041 6936 6828 6788 6828 6958 7280 7792 8315 8873 9384 9994 10737 11422 12100 12905 13969 15021 16180 17568 18750 19680 20364 20824 20868 20370 19260 16927 13647 11290 9521 8303 7251 6083 5231 4567 3704 3322 3189 3272 3687 4099 4557 5138 6194 7812 10912 14584 18051 21600 25272 29394 33705 38032 41880 46294 51971 55396 57798 59569 60345 60147 59339 57518 54965 52142 49469
6625 6772 6989 7563 8146 8725 9145 9378 9503 9479 9368 9291 9184 9314 9610 9976 10274 10604 11038 11526 12073 12627 13356 13987 14708 15666 16736 17866 19090 20075 20939 21656 22153 22407 22319 21650 20449 17946 15065 12965 11336 9928 8538 7078 6008 4805 3771 3199 3025 3054 3343 3831 4307 4765 5434 6583 8266 11688 15225 18721 22107 25748 29700 33849 38007 41868 45939 51023 53916 55616 56126 56193 55160 52925 50369 46955 43526
7125 7450 8141 9017 9947 10784 11450 11738 11934 12152 12435 12617 12782 12927 13144 13410 13678 13969 14319 14743 15251 15847 16484 17181 17987 18809 19770 20761 21680 22453 23150 23641 23994 24056 23742 22912 21577 19387 16802 14791 13270 11544 9929 8317 6720 5121 3956 3225 2899 2836 3164 3484 4070 4528 4971 5784 6972 9000 12084 15650 18895 22125 25852 29723 33776 37902 41598 45292 49597 51813 52762 52295 50812 48400 44664 41071 36956
7790 8578 9553 10740 12146 13523 14489 15312 15603 15672 15608 15655 15761 15921 16165 16381 16674 17008 17409 17814 18378 18976 19477 20144 20793 21504 22275 23058 23782 24433 24964 25368 25617 25567 25061 24309 23343 21299 18701 16758 15275 13572 11488 9443 7372 5514 4202 3318 2919 2702 2946 3268 3719 4277 4685 5159 6111 7329 9668 12518 15784 18864 22081 25988 29834 33920 37488 41076 44515 47435 48704 48208 46094 42896 38300 33803 28832
8819 9995 11464 13675 15625 17329 18016 18410 18629 18694 18672 18650 18633 18835 19085 19400 19707 20023 20329 20719 21107 21541 22057 22617 23124 23687 24313 24979 25571 26064 26497 26776 26878 26693 26394 26187 25654 23393 20974 19003 17468 15541 13012 10423 7942 5894 4464 3508 2983 2691 2737 3054 3431 3947 4377 4779 5328 6355 7730 10084 12732 15823 18860 22238 26370 30125 33892 37152 39944 42297 43170 41888 39612 35250 30167 25295 21765
10700 12576 14855 17813 19376 20266 20817 21187 21411 21467 21464 21524 21574 21636 21646 21847 22073 22254 22535 22852 23236 23691 24143 24578 25065 25506 26020 26515 26919 27279 27596 27786 27814 27812 28103 28554 28214 25927 23528 21467 19479 17167 14232 11243 8519 6301 4672 3600 3068 2746 2615 2819 3193 3566 4053 4471 4849 5452 6575 8325 10462 12973 16015 19203 22779 26885 30470 33603 35736 37109 37025 35441 32993 28685 23836 19395 17048
13400 16803 19528 21073 21946 22504 22913 23199 23381 23503 23564 23615 23721 23858 23939 23991 23973 24126 24342 24668 25007 25473 25883 26223 26593 26956 27359 27708 28005 28266 28556 28666 28691 29484 30458 31260 30867 28692 26135 23945 21225 18052 15168 12003 9129 6637 4846 3654 3055 2787 2613 2679 2930 3318 3692 4136 4507 4924 5639 6891 8814 11029 13504 16472 19850 23467 27135 30000 31891 32883 31810 29972 26822 22631 18434 14935 13374
18052 20790 22297 23213 23798 24165 24476 24707 24913 25082 25192 25268 25336 25409 25444 25552 25548 25584 25696 25971 26357 26759 27194 27482 27753 28036 28352 28621 28872 29113 29356 29445 30055 31470 32776 33754 33726 31295 28529 25782 22224 18820 16003 12860 9712 6998 5070 3790 3118 2802 2663 2683 2808 3101 3474 3841 4254 4625 5047 5997 7603 9548 11859 14256 17162 20414 23613 26468 27917 28314 27009 25399 22338 18932 15872 13353 12074
21594 23547 24513 25072 25530 25787 25872 26094 26289 26381 26444 26527 26573 26613 26656 26693 26781 26913 27015 27072 27394 27748 28080 28402 28670 28895 29121 29361 29591 29830 30027 30533 31831 33563 35170 36502 36340 33656 30153 26859 23078 19520 16466 13437 10221 7508 5464 4070 3246 2928 2735 2768 2762 3012 3334 3670 4022 4393 4792 5386 6546 8388 10436 12655 14922 17560 20286 22465 23835 23694 22749 21372 18835 16915 15135 14034 13464
24481 25976 26633 26932 27179 27411 27501 27510 27527 27474 27504 27590 27620 27677 27729 27798 27865 28005 28157 28326 28385 28585 28866 29122 29409 29620 29785 30018 30253 30455 30781 32011 33873 35714 37637 39281 38424 35319 31161 27507 23617 20050 16750 13568 10575 7961 5861 4378 3439 3109 2892 2891 2870 2995 3241 3560 3848 4234 4619 5063 5872 7477 9223 11281 13235 15278 17278 19084 19734 19617 19097 18002 16597 15848 15187 14996 15188
26878 28069 28653 28877 28914 28907 28886 28898 28850 28717 28550 28577 28606 28709 28764 28811 28861 28977 29192 29380 29564 29701 29687 29912 30196 30432 30629 30716 30893 31240 32365 34151 36171 38154 40144 41659 40147 36337 31780 28007 24152 20251 16791 13564 10661 8152 6048 4639 3612 3215 3041 3004 3012 3039 3208 3457 3744 4056 4458 4884 5443 6646 8266 10031 11795 13416 15021 16295 16330 16355 16455 16040 15700 15711 15681 16086 16898
28726 29712 30278 30566 30661 30504 30200 30084 29987 29896 29800 29657 29573 29571 29631 29744 29848 30035 30240 30494 30661 30820 30930 30953 30931 31114 31303 31416 31580 32739 34353 36470 38766 40711 42976 43738 41611 37084 32311 28174 24482 20285 16684 13486 10662 8251 6115 4709 3729 3343 3149 3086 3148 3137 3216 3366 3660 3946 4299 4732 5175 6014 7475 8879 10461 11935 13162 13936 13588 13633 13885 14400 14936 15703 16471 17433 18752
30251 31081 31516 31657 31777 31688 31620 31497 31326 31240 30968 30752 30625 30536 30543 30583 30829 31023 31289 31487 31718 31866 31959 32064 32104 32005 31965 32235 33330 34846 36722 38806 41220 43532 45620 45794 42559 37411 32721 28411 24646 20312 16690 13465 10543 8214 6126 4714 3771 3405 3243 3227 3282 3236 3253 3364 3550 3878 4187 4583 5031 5606 6754 8017 9306 10524 11554 11884 11346 11418 11997 12962 14184 15505 16848 18429 20228
31431 32119 32479 32603 32702 32654 32636 32594 32522 32390 32269 32221 31997 31655 31551 31558 31708 31957 32219 32458 32726 32871 32981 33025 33101 33091 33285 34180 35488 37205 39035 41227 43363 46067 47666 47154 43138 37569 32789 28753 24716 20378 16618 13234 10373 8111 6129 4698 3761 3417 3336 3288 3404 3418 3364 3411 3558 3841 4107 4461 4874 5306 6154 7230 8361 9309 10093 10343 9826 10045 10830 12075 13656 15370 17456 19747 22172
