VNC_app_v-1.0/example_data/views_from.asc
ncols         281
nrows         251
xllcorner     277495
yllcorner     141995
cellsize      10
NODATA_value  -9999
[rows 170 to 203 of 251, columns 77 to 153 of 281]
102299 99406 96421 93396 90394 87089 83689 80218 76954 73537 69719 66039 62356 58186 53175 47423 40991 34818 29193 24199 18090 15493 14590 13502 12376 11210 10124 8944 8130 7524 7071 6749 6588 6605 6754 6940 7149 7399 7679 7810 7920 7918 8013 8183 8380 8816 9257 9759 10222 10661 11002 11640 12429 13099 13771 14317 14763 15212 15651 16162 16817 17510 18356 19660 20885 22017 23059 23869 24549 25134 25580 26091 26792 27683 28316 30197 35626
100420 97592 94560 91630 88367 85081 81607 78275 74885 71095 67042 63025 58546 53257 47217 40570 34329 28695 23920 17893 15325 14484 13482 12416 11355 10280 9080 8243 7619 7128 6753 6521 6506 6626 6830 7052 7333 7647 7973 8201 8347 8473 8685 8870 9369 9818 10233 10626 10997 11343 11948 12801 13532 14239 14800 15228 15656 16097 16627 17197 17840 18665 19676 21003 22222 23350 24400 25514 26279 26984 28171 28812 29572 30433 32719 36292 43038
98738 95764 92777 89756 86488 83026 79697 76371 72726 68486 64328 59616 54056 47924 40981 34317 28555 23751 17597 15061 14237 13276 12335 11337 10290 9144 8258 7656 7164 6760 6485 6389 6471 6666 6911 7188 7544 7990 8350 8683 8963 9224 9693 10161 10564 10912 11172 11484 11731 12196 13067 14027 14758 15318 15714 16150 16561 16989 17577 18231 18915 19766 20980 22252 23450 24678 25924 27144 28894 30024 30676 31729 33556 36303 40036 45232 51257
96896 93934 91024 87779 84482 81100 77678 74224 70195 65879 61136 55628 49375 42165 35040 28974 24019 17611 14896 13987 13016 12064 11161 10187 9071 8218 7599 7117 6714 6426 6248 6297 6478 6759 7056 7424 7939 8409 8890 9348 9788 10474 10992 11402 11685 11988 12187 12353 12663 13397 14375 15206 15816 16305 16721 17114 17565 17990 18564 19242 19950 20907 22124 23388 24856 26297 27998 29834 31094 32441 34575 36879 40194 43792 48381 54236 62600
94908 92150 89149 85872 82439 79010 75603 71887 67519 62754 57408 51195 43910 36643 29922 24777 18166 14853 13814 12831 11854 10910 9962 8895 8106 7498 7003 6573 6292 6105 6119 6307 6573 6889 7268 7829 8406 8981 9607 10303 11146 11710 12142 12499 12744 12970 13273 13569 14050 14878 15675 16394 16989 17412 17784 18194 18613 19111 19696 20313 20981 21948 23310 24849 26499 28570 30263 31791 33927 36853 40873 43876 47182 52740 59701 66679 72176
92962 90204 86952 83728 80393 76979 73281 69075 64394 59169 52998 45884 38511 31369 25962 19293 14942 13778 12708 11714 10711 9723 8679 7889 7294 6812 6404 6087 5891 5896 6082 6379 6725 7132 7639 8397 9047 9787 10751 11675 12358 12796 13222 13551 13969 14347 14546 14791 15403 16281 17034 17697 18239 18611 19060 19444 19840 20407 20917 21568 22450 23548 24954 26884 28780 30615 32227 34584 38216 42742 46748 50446 56299 63248 68791 74271 78850
90871 87929 84821 81582 78239 74616 70575 65893 60691 54655 47744 40538 33262 27311 20961 15128 13840 12719 11673 10581 9537 8461 7667 7069 6566 6136 5738 5603 5621 5803 6144 6524 6962 7490 8277 9126 9983 11090 12101 12914 13539 13985 14393 14960 15361 15583 15738 16219 17040 17860 18596 19106 19552 19980 20321 20758 21342 21941 22624 23449 24315 25814 27544 29273 31012 32693 35937 40090 44028 47974 53159 58794 64908 70405 75630 80159 83963
88446 85579 82490 79279 75785 72008 67450 62192 56276 49567 42375 35069 28771 22949 16086 14007 12811 11711 10578 9467 8312 7454 6830 6292 5792 5449 5274 5327 5567 5900 6286 6738 7337 8102 9085 10081 11313 12495 13427 14288 14907 15493 15932 16353 16700 16857 17181 17855 18747 19605 20306 20878 21277 21756 22251 22708 23275 24040 24970 26149 27308 28665 30239 31917 34046 37524 41883 46015 49536 54846 60050 66427 71573 76685 81106 84725 87434
85748 83054 80176 76832 73157 68936 63757 57912 51459 44192 36945 30326 24743 17770 14315 13091 11909 10727 9558 8324 7372 6633 5941 5419 5124 4995 5083 5344 5681 6124 6589 7153 7915 9001 10163 11372 12721 13881 14897 15808 16508 17085 17506 17878 18180 18421 18963 19905 20843 21748 22519 23194 23825 24569 25362 26048 26790 27617 28363 29238 30377 31665 33455 36385 39908 43941 47386 50855 56298 61333 67390 72257 77411 81327 84862 87726 90268
82889 80343 77436 74113 70087 65276 59474 53145 46027 38810 31942 26541 19592 14709 13377 12194 10947 9756 8464 7403 6465 5687 5123 4813 4720 4797 5086 5505 5975 6454 7017 7765 8885 10144 11380 12824 14207 15443 16501 17425 18154 18736 19207 19701 20127 20644 21597 22611 23755 24961 25757 26433 27143 27646 28229 29011 29758 30490 31323 32533 34332 36400 39228 42699 45771 48854 52731 57777 63029 68364 72518 77189 81354 84813 87560 90260 92128
79852 77360 74480 71037 66543 60940 54788 47938 40741 33915 28275 21814 15532 13749 12537 11260 10023 8743 7499 6399 5552 4954 4599 4465 4514 4814 5245 5773 6308 6917 7610 8757 10194 11440 12814 14336 15822 17068 18221 19097 20066 20896 21599 22178 22920 24010 25031 26002 26883 27667 28391 29113 29907 31175 32271 33402 34471 35561 37003 38566 40278 42581 45126 47556 50342 54701 59875 64877 69645 73670 77267 81248 84591 87554 89932 92295 93953
76541 74172 71153 67326 62216 56168 49769 42479 35997 30031 23970 17244 14134 12904 11647 10368 9099 7741 6479 5524 4865 4477 4305 4342 4574 4999 5546 6167 6791 7537 8700 10124 11510 12872 14500 16100 17551 18837 20146 21551 22679 23898 24771 25362 26138 27142 28081 28812 29744 31151 32583 33944 35672 37052 38385 39544 40743 41874 43295 44835 46185 47796 49699 53430 57925 62814 67599 71373 74871 78317 81317 84504 87441 89791 92090 93843 95448
73042 70571 67325 62719 57314 51288 43978 37986 31700 26002 19306 14739 13358 12084 10715 9443 8088 6648 5591 4880 4408 4224 4228 4450 4832 5311 5977 6655 7490 8637 10066 11516 13006 14633 16386 18061 19706 21436 23009 24716 25877 26702 27399 28060 29746 31202 32237 33319 34723 36187 37750 39417 41360 43224 44629 45661 46716 47656 48535 49693 51147 54561 58449 62586 66574 70177 73634 76800 79443 82330 84848 87318 89649 91710 93562 95067 96417
69152 66245 62379 57739 52312 45568 39572 33365 27930 21324 15649 13840 12543 11179 9824 8433 6882 5741 4949 4405 4176 4176 4356 4708 5181 5767 6502 7364 8606 10017 11487 13060 14748 16583 18477 20619 22644 24754 26322 27441 28481 29943 31205 33262 34995 36197 37128 38240 39748 41591 43468 45050 46827 48183 49387 51114 52703 54338 56603 58889 61939 65041 67674 70382 73095 75625 78502 81106 83436 85777 87713 89625 91370 93237 94667 95968 97177
64498 61124 57176 52334 46609 40743 35021 29729 23655 17587 14473 13053 11719 10301 8896 7204 5939 5057 4433 4176 4132 4318 4662 5115 5627 6384 7283 8582 10002 11493 13033 14794 16728 18949 21319 23917 26034 27671 29438 31084 32420 34231 36516 38486 39910 41259 42448 43682 44950 46367 47955 49698 51877 54306 56364 59162 62536 64903 67352 69029 70640 72425 74314 76349 78295 80240 82654 84674 86698 88353 89878 91336 92769 94369 95679 96872 97882
59112 55666 51264 46715 41300 36155 31184 25450 19428 15335 13656 12269 10855 9394 7699 6196 5244 4527 4184 4113 4256 4573 5001 5524 6261 7217 8568 9941 11549 13077 14786 16857 19325 21886 24707 26874 28847 31292 33426 35208 36705 39240 41718 43402 44818 45936 46940 47866 49361 51303 53486 55788 58640 61382 65071 68514 71616 73794 74998 75942 76987 78125 79548 81066 82494 84152 85751 87351 88929 90406 91534 92767 94055 95463 96552 97442 98559
53508 49643 45869 41298 36590 32173 26786 20885 16278 14279 12900 11473 10020 8261 6622 5506 4729 4296 4134 4207 4496 4916 5434 6118 7167 8563 9899 11516 13138 14823 16862 19638 22335 25212 27461 29904 32365 34952 36880 38722 40981 43779 45753 47368 48634 49840 51360 52919 54900 56563 59456 62137 65586 69606 73480 76395 78390 79673 80432 81021 81759 82563 83681 84532 85560 86823 88019 89326 90574 91820 93012 93968 95054 96081 97135 98118 99108
47627 44194 40237 36355 32200 27313 21862 17467 15029 13496 12120 10683 8970 7212 5902 4975 4459 4190 4171 4391 4829 5343 5974 7058 8493 9861 11475 13116 14799 16926 19778 22498 25189 27777 29903 32710 35314 37404 39429 42120 44927 47121 49124 50704 52486 54263 56210 57861 60025 62553 65021 68795 73537 77427 80106 82108 83535 84221 84693 85024 85376 85812 86560 87255 87931 88771 89751 90978 92036 93022 94022 95014 96034 96937 97831 98718 99640
42072 38553 35363 31511 26884 22129 18144 15593 13973 12661 11320 9709 7922 6423 5332 4666 4311 4169 4326 4722 5230 5836 6937 8294 9797 11472 13099 14793 16870 19717 22471 25075 27643 29879 31968 34955 37412 39487 42138 45258 48084 50444 52187 54434 56545 58700 61327 63742 65799 68766 72881 77142 80854 83266 85012 86405 87327 87707 87945 88052 88253 88450 88845 89286 89765 90537 91367 92226 93231 94173 95111 96076 96976 97855 98549 99307 100065
36663 33579 30005 25623 21702 18344 15979 14306 13098 11841 10411 8682 7095 5862 5025 4492 4244 4297 4605 5098 5742 6836 8063 9654 11374 13146 14803 16817 19530 22238 24674 27138 29553 31492 33664 36230 38906 41661 44730 48049 50861 53265 55984 58682 61095 64694 67551 70822 74372 77983 81083 83610 85751 87259 88515 89558 90184 90437 90476 90548 90662 90720 90974 91243 91493 91971 92684 93541 94350 95303 96054 96839 97751 98556 99232 99678 100283
31199 27600 24027 20801 18056 16112 14521 13350 12251 10931 9442 7840 6653 5723 5021 4595 4493 4661 5039 5664 6814 7855 9437 11178 13079 14849 16783 19399 21903 24218 26449 28731 30851 32762 34594 36874 39888 43290 46915 50706 53636 56996 60291 63903 67835 71901 76948 81206 83599 85266 86621 87895 89276 90320 91267 91953 92417 92577 92553 92557 92496 92568 92761 92796 93062 93480 94048 94757 95463 96113 96771 97464 98264 99030 99638 100015 100528
24870 22002 19507 17259 15859 14511 13434 12456 11291 10004 8681 7446 6500 5793 5283 5029 5021 5246 5815 6803 7853 9244 10894 12878 14770 16724 19196 21728 23903 25880 27825 29825 31689 33548 35082 37109 40326 44133 47986 52645 56557 61023 65190 70079 76741 82508 85727 87806 89078 89881 90586 91347 92125 92778 93492 93914 94239 94327 94307 94199 94193 94150 94195 94274 94458 94812 95254 95678 96106 96737 97336 97962 98708 99300 99924 100277 100704
20245 18211 16285 15300 14178 13283 12449 11406 10311 9211 8167 7218 6606 6058 5675 5558 5682 6326 7005 7942 9128 10693 12556 14597 16587 18981 21454 23635 25554 27250 28976 30631 32266 34005 35426 37416 40234 44491 48843 54528 59537 64933 71361 79890 86033 89027 90839 92075 92747 93114 93565 93962 94360 94821 95407 95568 95800 95788 95813 95735 95711 95582 95480 95547 95597 95876 96241 96532 96817 97203 97722 98183 98911 99448 99937 100384 100677
16531 15546 14566 13599 12840 12069 11282 10423 9643 8782 8010 7411 6959 6582 6448 6556 6845 7410 8166 9125 10499 12237 14364 16413 18705 21093 23255 25190 26837 28361 29849 31202 32692 34116 35792 38004 40491 44492 49894 56550 63194 70805 80992 87656 91080 93297 94280 95010 95486 95692 95979 96159 96353 96565 96906 97106 97178 97158 97136 97006 96942 96838 96666 96568 96726 96880 97039 97195 97422 97621 97956 98366 98951 99389 99846 100215 100508
14413 13770 12835 12144 11529 10903 10191 9667 9043 8513 8118 7821 7544 7344 7312 7557 7981 8513 9326 10404 11908 13993 16131 18369 20596 22674 24541 26188 27648 29111 30412 31768 33144 34520 36515 38713 41135 44997 51089 59142 67664 79936 88519 92399 94613 95955 96793 97317 97605 97694 97903 97885 97906 97976 98117 98292 98412 98282 98276 98217 98144 97961 97913 97710 97709 97768 97793 97743 97812 97937 98039 98353 98774 99228 99609 99947 100181
12707 11952 11422 10911 10404 9937 9450 9040 8710 8538 8368 8212 8141 8117 8193 8429 8924 9556 10427 11651 13484 15722 17839 19988 21947 23686 25277 26725 28192 29719 30978 32312 33605 35119 37398 39713 41855 45591 53052 62996 75451 86975 92537 95042 96844 98023 98639 98988 99118 99202 99277 99173 99112 99135 99236 99254 99311 99322 99256 99238 99183 99060 98893 98701 98614 98522 98393 98219 98056 98039 97995 98285 98488 98818 99066 99433 99742
10992 10716 10312 9951 9642 9326 9042 8812 8729 8674 8643 8604 8611 8706 8905 9252 9819 10487 11434 12882 14961 17176 19285 21102 22859 24292 25636 27122 28722 30196 31425 32751 34088 35836 38253 40595 43032 46245 55501 68103 82661 91083 94331 96706 98433 99373 99845 100149 100305 100291 100172 100148 100086 99992 100098 100086 100137 100103 100055 100056 99980 99875 99770 99483 99304 99180 98851 98583 98222 98023 97831 97888 98055 98230 98472 98746 99040
9840 9683 9544 9296 9127 8902 8767 8767 8782 8853 8902 8919 9020 9202 9535 10009 10660 11364 12471 14077 16238 18235 20192 21872 23280 24519 25795 27464 29144 30452 31850 33142 34461 36625 39058 41639 44165 47319 57718 72348 86375 92467 95315 97629 99197 100143 100619 100850 101020 101048 100942 100949 100866 100819 100849 100894 100867 100876 100824 100857 100761 100612 100486 100240 99919 99601 99103 98664 98164 97875 97681 97522 97515 97522 97684 97949 98119
8999 8966 8882 8849 8762 8699 8696 8768 8848 8950 9053 9147 9318 9612 10044 10608 11259 12059 13328 14996 17125 18892 20548 22057 23266 24378 25683 27522 29352 30725 32166 33664 35297 37615 40040 42507 45039 48483 56812 75740 87119 92578 95357 97688 99225 100244 100903 101200 101397 101458 101484 101481 101442 101393 101405 101395 101420 101454 101429 101405 101229 101124 100930 100689 100342 99891 99304 98755 98122 97676 97342 97060 96840 96654 96636 96828 97079
8386 8485 8543 8555 8573 8628 8664 8787 8857 8992 9100 9272 9525 9843 10302 10891 11516 12339 13530 15124 17046 18611 20189 21395 22440 23469 24951 27083 28876 30607 32262 33905 35716 38208 40692 43081 45440 48983 54311 75444 86182 91834 94825 97115 98819 99905 100671 101122 101320 101490 101695 101758 101697 101736 101840 101836 101864 101922 101866 101830 101609 101507 101218 100971 100536 100070 99386 98632 97979 97463 96951 96497 96011 95679 95536 95583 95728
8021 8239 8309 8390 8496 8596 8717 8802 8909 8983 9093 9221 9463 9790 10238 10702 11217 11822 12715 13946 15731 17210 18546 19655 20656 21978 23389 25551 27663 29782 31592 33366 35514 38086 40500 43014 45417 48260 53308 74642 84319 90509 93820 96294 98073 99266 100087 100702 101187 101381 101579 101765 101872 101897 102026 102111 102158 102232 102203 102109 101929 101747 101481 101158 100669 100060 99240 98502 97732 97054 96422 95792 95079 94623 94303 93986 93894
7836 8011 8192 8370 8522 8639 8762 8855 8920 8954 9032 9096 9205 9418 9446 9343 9509 9884 10476 11435 12873 14723 16067 17183 18150 19378 21196 23751 26023 28194 30264 32177 34573 37103 39468 42011 44247 46475 50709 71956 81463 87993 92087 94776 96738 98090 99343 100064 100611 101056 101468 101721 101858 102027 102135 102213 102316 102358 102369 102257 102025 101788 101519 101160 100658 99874 99101 98176 97359 96569 95802 95001 94195 93361 92547 92129 91882
7628 7897 8137 8361 8583 8742 8857 8939 8978 8995 8976 8918 8742 7716 7038 7145 7518 7833 8141 8537 9479 10815 12174 13379 14696 16012 18435 21319 23949 26469 28660 30697 33061 35433 37235 39680 41147 43472 47552 65946 76652 83899 88892 92592 94910 96666 98098 99062 99875 100528 101096 101509 101717 101948 102125 102307 102314 102269 102268 102158 101942 101627 101352 100921 100411 99595 98697 97734 96901 95943 95098 94022 92864 91633 90628 89838 89103
7575 7903 8182 8530 8747 8930 9058 9143 9206 9170 9040 8845 7778 6543 6138 5755 6046 6282 6487 6816 7376 8257 9363 10250 11200 12496 14350 18353 21808 24407 26716 28662 31008 33124 34730 36436 37378 39285 42397 53849 69640 77510 84114 88875 92513 94902 96667 98023 99073 99842 100608 101107 101472 101807 101941 102006 102069 102041 102011 101889 101586 101284 100944 100526 99979 99072 98144 97207 96235 95299 94224 92853 91390 89812 88157 86540 85384
