VNC_app_v-1.0/example_data/views_to.asc
ncols         281
nrows         251
xllcorner     277495
yllcorner     141995
cellsize      10
NODATA_value  -9999
[rows 34 to 67 of 251, columns 76 to 151 of 281]
131415 135856 132957 129929 128341 128747 132369 135111 131865 129900 127893 126552 124830 124024 120359 117149 115115 113737 112735 111784 110673 108794 106724 107271 107712 106021 104386 102750 101203 99588 97725 96016 94570 91888 90013 88423 87351 86981 85592 85321 83555 82586 81838 79062 77918 77162 75353 76186 76832 75413 74065 73128 72781 70901 67425 61827 52337 41829 37380 33013 28304 24115 20162 14989 11551 9529 7946 7342 7861 8649 10331 13320 17340 21062 24844 29295
137151 141225 139384 134581 136002 137786 140452 137701 133310 132862 133106 131336 129322 127173 123671 121674 119542 117498 117033 115929 114157 112593 111680 112361 110971 109887 108367 106687 105748 105092 104916 103003 101081 99140 97704 96377 95527 95463 93648 94079 92205 89623 86756 85582 83962 81593 80143 81386 81195 79748 79251 77780 76218 74808 71162 65115 53862 43208 36532 31884 27293 23696 19305 14192 11306 9527 7978 8169 8652 9914 12324 15689 19463 23319 27713 31936
137433 137192 133869 136273 141444 141600 141889 140589 139137 140155 138645 136168 132765 129714 127634 126132 124194 123011 120735 118851 118031 117092 116210 115647 115026 114922 113323 112627 112957 112329 111601 108968 108336 107500 104204 102302 103359 101741 101913 100589 98333 95485 93466 92553 89033 85447 85543 86514 86128 85163 83808 82445 80623 78311 74155 66992 56199 42329 35062 30373 26446 22980 18562 13857 11211 9318 8627 9224 9981 11828 14618 18185 22006 26224 30402 33943
134414 133828 132059 136687 137950 143829 144797 140563 143729 143547 141041 137054 135168 133536 133260 131257 131417 127167 125035 124085 120613 119644 119431 118859 119577 119124 118442 119291 118622 117743 116303 114670 113368 111297 107804 108685 106882 105894 105334 102848 101565 101266 100749 99754 95813 94386 93818 92944 91410 89607 87912 86217 82897 79832 76387 69771 55917 40351 33711 29449 25490 22017 17770 13539 10941 9805 9889 10729 11974 14273 17443 20805 24938 29069 32435 34945
134072 130519 131789 131117 134893 142318 142355 147470 141940 142376 142141 139307 137439 137712 137141 137005 134836 132435 127869 126432 124423 123917 122395 121943 121709 120924 122281 122924 122740 121392 119757 119118 117196 113932 112044 110991 109449 109742 107726 107063 106982 106073 104493 103164 102236 101444 100837 98180 96293 93947 91227 87983 85066 82194 77421 68606 52953 37596 31440 27608 24340 21144 17129 13306 11323 10805 11518 12547 14291 16821 20004 23907 27976 31030 34131 35563
131029 129234 130282 128811 132331 140991 144182 142874 146549 145833 141669 139491 140442 142978 140993 139411 137837 135534 132329 128901 127967 126109 124222 124815 124687 125390 126496 125182 124463 123727 122438 120791 118153 116747 115707 113178 112883 110816 109169 109109 109243 107627 107842 107347 106287 106059 104168 102847 100091 96562 93904 91363 88259 83999 78166 68252 49346 35126 29003 25784 22877 20118 16625 13245 12044 12180 13008 14561 16536 19411 23080 27452 30752 33316 34948 36513
129818 130739 127547 128212 133393 136012 140746 143149 145157 143423 143033 143204 145710 143222 143388 142939 140712 138777 135438 132296 130936 128887 127761 129032 127832 128088 127053 125727 125564 124808 123421 121605 120069 118929 118265 117461 115924 113695 111961 111496 109839 110033 109379 107195 105755 104623 102636 100355 97888 95922 93922 91362 88042 83063 76166 64652 43648 31504 26245 23164 21301 19032 16120 13591 12997 13514 14708 16547 18784 22328 26938 30247 32973 34906 36541 37856
133050 131084 127850 131969 133459 135223 140981 140282 142181 144833 145229 147843 147340 147411 147152 143324 142606 139108 136666 134365 133520 132165 131570 130540 129727 128694 127419 127157 126817 126129 125644 123786 123664 122485 121228 120384 117403 116715 115559 113433 111835 109834 107913 106597 104958 102279 99302 97559 95809 93804 91602 89087 85707 80911 72372 57058 35648 27853 22873 20280 19460 18349 15921 14280 14121 14980 16467 18264 21471 26072 29492 32537 34672 36967 38533 39766
133093 131604 133436 131457 133769 135234 137834 140833 140705 144865 148002 149312 149468 150461 148562 146746 145138 142663 137501 137642 136845 134665 133318 133427 133148 132005 131333 131890 129392 129351 127653 127058 126767 125427 123318 120925 118816 116512 114090 111785 109321 108135 105909 103029 100942 99208 97801 95540 93764 91617 89561 86440 80385 74444 65829 46991 30261 24480 20652 17996 17464 17460 15772 14893 15185 16126 17824 20370 24453 28337 31554 34389 36790 38822 40768 42194
136172 135478 136616 133360 135423 139984 138326 140841 144115 144804 149992 149746 151716 151098 149306 148824 145572 143548 142377 141433 139042 137660 136872 135381 133757 133177 133508 132703 131726 129606 129497 128198 125935 123242 121430 118645 116489 113697 111500 109613 107336 104357 101177 98404 96888 93159 91913 90679 89790 88087 85263 81858 76515 70564 58580 36260 26372 22056 19633 18383 18071 16776 15630 15408 16001 17093 19196 23076 26754 29859 32803 35847 38399 40365 42126 44044
139510 138082 136846 138457 139754 140178 141831 143358 144441 147502 150089 148723 149669 149009 149621 148279 146038 145400 143771 142395 141248 139464 138492 136725 136178 136267 135547 134480 133156 131926 129227 126943 124357 122185 119471 116728 114702 112725 110205 106164 103475 100246 96366 94295 92023 90469 89295 88352 87536 86335 83746 77926 72938 65349 50085 30778 24701 21228 20087 19634 18114 16474 15763 15878 16678 18260 21636 25542 28276 31110 34227 36892 39532 41702 43472 45377
143330 143917 140827 144954 144413 143834 148486 145127 146881 150065 148823 148829 147444 147712 146858 146216 147324 145568 145027 144356 142933 140912 139553 139097 138330 136895 135157 134275 132021 130001 128633 125639 123073 120594 117767 116408 113261 110395 105668 102860 100377 97506 94298 91719 89700 87823 86234 84840 83746 82775 80356 75095 69167 58997 38891 28050 23897 21901 21303 19340 18034 16750 16389 16684 17507 20194 24306 27212 29839 32580 35459 38207 40527 42734 44363 46087
149864 148495 147729 148289 146381 147940 150872 145463 148809 149327 147896 146401 144850 145819 144978 145488 145432 143644 142107 142210 141078 140316 139140 138154 137424 135722 134249 133199 130696 128836 126478 123995 121488 119014 116980 113341 110126 106626 104387 101512 98728 95658 92553 89940 87623 85231 83257 81933 80931 78851 75038 70005 63211 51520 33463 25851 22452 20948 20441 18968 17833 17051 17033 17407 18837 22687 26098 28635 31454 34219 36701 39022 41110 43335 45274 46891
153911 151596 150743 148744 150018 151931 151354 152112 150511 149081 147981 145969 145772 144781 144074 143463 141642 140730 140119 138923 138676 138257 137598 136127 134319 133424 132048 128231 127554 124762 122254 120323 117734 115395 113388 110210 108772 106069 103402 101117 98393 95493 92219 88621 86391 83992 82335 80574 78638 75978 71539 65130 55241 39805 29839 24557 21404 20437 19769 18776 17825 17414 17643 18478 20989 24875 27543 30167 32929 35719 37787 39884 41706 43629 45599 47709
155060 155481 153420 154418 155230 153255 155527 154301 149355 149288 147632 145634 145796 143339 141617 139115 140365 139544 136856 136439 135923 133878 133151 132673 130153 128641 127811 126019 124770 122960 120925 118809 116962 115586 112864 109945 108010 105576 103270 101186 98372 95410 92743 89187 86933 84250 82051 79901 77331 73135 67435 58383 46477 32484 26063 23095 21061 20406 19323 18527 18112 18108 18704 20427 24169 26699 29067 31624 34053 36612 38851 40668 42339 43762 45511 47436
160290 160254 159684 158074 157756 156697 156576 155238 153324 149725 148339 147017 144770 142525 141194 139420 138567 137747 136082 134085 132884 132004 131039 130554 129125 127587 126570 125031 123571 121825 119563 117713 115449 113517 111915 110421 106707 104047 101945 99598 97412 94447 92221 89086 86741 84174 81640 78965 75500 69697 61931 49836 33077 26160 22558 20722 19001 19400 18949 18419 18632 19034 20159 23685 26256 28435 30349 32696 34888 37223 39566 41457 42678 44109 45382 47053
161592 161903 160453 158639 158712 157669 157808 155006 153840 150366 147333 145931 144240 142752 140138 138927 138572 136418 135901 133767 132611 131740 130146 129482 128581 126894 125234 124372 122927 120972 118995 116209 114518 111896 110176 108725 106738 104415 101126 98224 96540 93888 91161 88609 86081 83474 80744 77186 71740 64820 55336 39757 27266 20468 18701 17398 16276 18514 18655 18481 19122 20247 23062 25715 27390 29492 31562 33483 35401 37660 40148 42132 43254 44123 45275 47157
164412 162811 161988 162231 161806 160389 158313 157994 154824 150213 148718 145742 143863 140936 139824 139322 137225 136304 135215 133342 132057 131187 129874 128652 127364 126215 124890 123142 121141 118987 116995 115041 112637 110773 109044 106897 105288 102998 100991 98201 95249 91995 89556 87646 85561 82642 79098 74064 67613 58705 44480 31002 22860 18115 16350 15940 17210 18679 18455 18790 19786 22113 25044 26746 28240 30381 32410 34359 36203 38612 40691 42652 43614 44458 45550 46854
164788 165037 164352 160387 161130 158290 158130 157792 154249 151959 147127 143913 142481 140499 139668 138168 137965 136236 134354 133544 133122 131220 130308 128491 127493 125862 124585 122418 120326 117904 115458 112901 111104 108816 107153 104979 103331 101524 99672 97017 93836 90218 88057 85582 83922 81385 77380 71161 62915 51870 35631 25453 18742 15198 13823 12907 15699 18403 18487 19194 20941 23779 25803 27139 28782 30931 33216 35338 37307 39438 41819 43136 43931 44749 46374 47814
166527 163588 163953 161931 158984 159767 158619 156627 154346 149276 146284 143338 142660 140623 139619 138423 136523 136110 134207 133426 132075 131347 130210 128776 126907 124810 122271 121413 119158 116399 113588 111179 108951 106827 104839 103040 100816 99284 97530 95559 93229 89977 86764 84670 82271 79051 74551 67148 58129 44207 30916 21211 17516 14776 11144 9449 10230 16075 18275 19395 21520 24293 25710 26984 28905 31268 34039 36586 38646 40442 42358 43762 44889 45886 47510 49065
166733 161535 161172 160618 156552 156418 156070 153893 153669 147188 144336 142420 141555 139948 138100 136350 135254 133371 132709 131750 131036 130199 128800 127597 126630 124713 122527 119633 117277 114804 112565 109624 107358 105130 102874 100970 98712 96590 95045 92760 90765 88317 86076 84288 81684 77657 71647 63418 51305 37233 26685 20348 17618 14616 11389 9884 7447 11469 16992 19834 21312 23500 25016 26859 29116 31730 34481 37051 39583 41398 43302 45219 46412 47734 49004 50446
162741 160941 157509 159184 155668 154697 152304 153664 151493 146681 144311 142172 140471 139497 137438 135813 133547 131841 131728 130164 129419 128314 127377 126427 124883 122926 120504 118214 115619 113089 110374 107960 105548 102545 99936 98091 96395 94172 92269 89728 87743 86432 84416 82406 80237 75993 68698 59019 46043 33110 22670 19650 17439 13565 12116 10500 10105 11804 16905 19968 21419 24042 25758 27432 29480 32119 35369 37911 40449 42344 44170 46219 48155 49305 50361 51191
158298 158214 157286 155882 154567 152587 152957 150838 148392 145601 143115 141187 140230 137635 136074 134445 132538 130970 129662 128827 127895 126948 125844 124568 123179 121241 119125 116170 114081 111317 108913 106275 103539 100594 97753 94908 93105 90330 88754 86290 84736 83086 81856 80455 79021 73225 65586 53917 41042 29656 21430 19412 17219 15050 13819 13127 14532 15515 17842 20236 22070 24857 26600 28255 30404 32737 36153 39073 41321 42926 45249 47425 49001 49793 51284 52761
157590 155572 155724 153665 154618 151011 150679 150144 148093 145599 142775 140815 139149 136844 134259 132355 131218 129933 128462 127410 126456 125859 124180 122875 121073 119497 117383 115366 112230 109423 106879 104890 101691 98867 96076 93363 90165 87871 84874 83066 81027 79485 77853 77576 76401 71804 62425 49924 37558 25493 21287 19389 16856 15724 15247 15354 16063 16965 18898 20814 23298 25739 27630 29354 31459 33661 36890 39988 42278 44285 46525 48150 49700 50722 51439 53193
155905 155965 153576 153146 151650 150862 148948 148506 146896 142517 141754 139222 137196 134878 132887 131078 129867 128303 127091 125920 124582 123461 122629 120969 119207 117015 114957 112962 111023 108372 104938 102073 100035 97155 94391 90983 88817 85263 82596 80708 78659 76191 74520 73271 72442 69207 58841 46042 35485 23868 21544 19624 17448 16779 16571 16675 16736 18160 19839 21522 24551 26748 28757 30564 32427 34652 37998 41228 43827 45751 47545 48838 50290 51343 52414 53945
153926 154353 152868 152682 151343 149713 148547 147717 145920 142668 140573 138238 135663 133887 130909 129801 128445 126722 125667 124329 123096 122017 120098 118280 116468 114697 112347 110195 108317 105960 103880 100486 97134 95049 92829 90266 86353 83149 80359 78387 75645 72190 71418 70421 68985 65843 55238 44452 33521 23527 22033 20307 18459 18008 17804 17304 17866 19168 20798 22378 25660 27817 29858 31745 33649 35781 39148 42080 45119 47361 48510 49471 50742 52055 53845 59511
150992 153712 150595 150234 150103 148440 147607 146287 144340 142476 139392 137188 134976 132380 130519 128933 126817 125978 125036 123946 122767 120283 118670 116722 114792 112557 110361 108441 106021 103750 101372 98742 96027 93054 90425 87830 85470 82246 79197 75751 72963 69467 67374 66649 64529 62209 52832 43665 31856 24073 22885 21336 19605 19059 18647 18393 19189 20431 21893 23826 26776 29000 30941 32900 34645 37213 40543 43320 46512 48192 49516 50613 51664 53141 56045 65241
151771 150800 151223 149740 151215 147034 147184 145317 143375 141625 139141 136121 134033 131722 129777 128074 126785 125100 123449 122434 121362 119622 116949 115415 113285 110703 108355 106199 103710 101740 99432 96796 95095 92548 89414 86241 83457 80724 77786 75090 71479 67992 64938 62617 61388 58113 51108 43079 30773 24982 23838 22546 21012 20256 19826 19811 20543 21725 23059 25758 28037 30144 31984 33947 36114 38657 41775 44190 47850 49519 49847 51375 53107 53942 63023 74357
149900 149204 148437 148084 148548 148850 144960 144696 142979 141092 138958 136438 133737 131086 129467 128458 127041 125307 123762 122448 120992 119737 117436 114549 111815 109492 107360 105255 102091 99868 97281 95913 93874 91340 88170 85080 82174 79151 76139 72980 70199 66331 62865 59698 58093 53489 50129 42842 29499 25826 24929 23856 22597 21614 21088 21454 22134 23150 24470 27444 29348 31253 32975 35217 37658 40310 43083 46163 47839 49887 51703 52284 53501 55698 72978 81542
148993 147587 146914 146837 146085 147737 145440 143847 143039 140843 139010 136679 134108 132052 130076 128310 127199 125585 124229 122599 120959 119318 117025 114693 111777 108993 106870 104286 102756 99595 96568 94596 92665 90217 87050 83755 80752 77551 74289 71241 68204 64213 61522 56496 54852 51667 49533 43089 28983 26865 26177 25488 23977 23104 22778 23039 23722 24608 27196 29008 30825 32495 34528 36519 38865 41388 44182 47142 49047 50276 52244 51845 56941 63600 73155 78971
147600 147849 146569 146195 144721 145643 145362 143041 142489 140120 137968 135947 133513 131989 130255 128582 127649 125885 124352 122773 120758 118854 116488 114049 111318 109228 106859 104010 101503 98776 96582 94214 91791 89267 86289 82883 79554 75975 73186 70767 67879 64306 58596 57906 51250 50931 48534 42766 29533 27748 27438 26948 25765 24826 24748 25090 25577 27218 29607 31224 32760 34306 36190 38167 40335 42854 45564 48081 49988 51103 52218 53322 58899 68774 76605 82828
147290 146641 146250 144698 145744 144448 145698 142948 141333 139965 137636 135148 133603 131958 130391 128829 127722 126367 124558 122828 120712 118452 116153 113460 110872 108561 105983 103036 100714 98037 95856 93684 91313 88600 85431 82167 78861 75457 72965 70439 67912 64666 60305 54950 52210 50792 47782 41072 29838 28491 28546 28087 27440 26582 26536 26810 27614 30327 31816 33275 34631 36024 37669 39553 41921 44641 46915 48213 50995 51814 53586 55986 64331 74909 81427 87267
146492 146652 145319 145385 143861 145347 142816 142563 140458 139472 137091 134790 133627 131871 130512 129154 127587 126375 124780 123064 121054 118562 115920 113271 110642 108213 105482 102535 100197 97752 95461 93264 90745 88063 84871 81739 78656 75713 73309 71170 68686 66032 62297 57343 52735 50712 47529 39311 29657 29127 29329 29144 29057 28789 28100 28373 30755 32384 33781 35149 36157 37450 38915 41172 43308 46069 47736 49613 50932 53011 55367 61899 74284 85613 89375 92935
147811 146065 147305 144864 144855 143684 142768 141870 140152 138639 136482 134182 133457 131740 130590 129201 128046 126731 124915 123087 121172 118615 115989 113133 110768 108164 105379 102480 99903 97467 95236 93048 90834 87980 84989 82015 79043 76302 74120 72352 70235 67670 64289 59767 54466 51796 49010 42772 34757 31361 30413 30632 30618 30290 29814 31035 32877 34189 35465 36626 37660 38616 40435 42450 44830 47138 48999 50096 51306 53959 60708 74826 85785 93715 95898 99546
