VNC_app_v-1.0/example_data/views_from.asc
ncols         281
nrows         251
xllcorner     277495
yllcorner     141995
cellsize      10
NODATA_value  -9999
[rows 136 to 169 of 251, columns 154 to 230 of 281]
44052 46274 50163 54880 59426 64226 70033 74905 77882 80436 82074 82548 81943 80469 78382 75903 73171 71162 69952 69480 69941 70920 71960 73793 75523 77006 78113 79020 79868 80644 80948 81257 81507 81826 82039 82335 82661 82968 83192 83728 84230 84599 85100 85443 85947 86329 86632 86802 86859 86567 85757 84520 83012 80325 76300 72974 70545 68273 65998 64211 62670 61263 59663 57669 55148 51806 48231 43996 38919 32421 25768 19982 12798 7088 5145 3666 2683
44994 47583 52559 57648 63042 68264 74694 79232 82892 85968 87198 87604 86704 84989 82156 79283 76416 74018 72241 71706 72200 73200 74751 76481 77849 79195 80300 81157 81761 82147 82573 82864 83044 83261 83412 83725 83971 84415 84646 84785 84966 85174 85265 85434 85566 85878 86180 86166 86163 85832 85021 83963 82474 79342 74863 72013 69766 67559 64809 62568 60672 58989 57078 54877 52536 49842 46709 43308 38896 33867 27524 21048 13586 7556 5186 3644 2964
46479 49452 55414 60810 66639 73198 79859 85498 90991 93545 94319 93913 92780 90806 87563 83576 80410 77733 75963 75315 75573 76500 77750 79405 81102 82157 82907 83314 83593 83868 84093 84204 84425 84451 84637 84931 85287 85472 85535 85541 85553 85653 85562 85448 85353 85404 85426 85284 85012 84462 83774 82728 80847 77240 73347 70289 67194 64407 61877 59870 58006 56122 54415 51848 49225 46683 43902 40673 37059 31929 25313 18634 11101 5954 4251 3739 3458
48386 52190 58930 65242 71155 80325 90040 95065 98033 99469 99582 98837 97688 96014 93598 90163 85615 82699 80450 79457 79644 80659 82098 83697 84989 85776 86042 86096 85870 85767 85734 85676 85728 85824 85919 86334 86487 86370 86309 86219 85846 85620 85255 84884 84597 84367 84272 84051 83615 82989 82082 80542 78124 73587 69286 66046 63748 61550 59369 57282 55300 53423 51310 48380 44253 40614 37748 34597 31172 26469 20700 15017 8639 5110 3568 2831 3387
50554 55208 63160 70594 81427 92686 98475 101587 103094 103841 103998 103230 101913 100276 98143 95631 92410 89223 86759 85453 85499 86638 87520 88817 89671 90244 90213 89500 88741 88192 87754 87535 87184 87211 87413 87416 87392 87177 86804 86299 85736 85208 84625 84141 83746 83210 82875 82437 81824 80830 79469 77330 72726 66978 64405 62270 60416 58721 56716 54725 52501 49703 45797 43530 40735 37720 34646 31452 27575 22852 17362 10995 7014 4507 3401 2785 2621
52668 58808 68566 81036 93208 100238 103524 105340 106293 106659 106616 106139 105174 103666 101540 99661 97374 95190 93428 92323 91979 92269 92659 93693 94069 94318 94065 93340 92382 91199 90284 89788 89101 88875 88615 88373 87976 87529 86887 86316 85491 84883 84117 83437 82756 82132 81271 80309 79219 77967 75412 69870 63759 62170 60586 58804 56917 54673 52667 49890 47886 45892 43613 40842 37608 34468 31288 27763 23509 18761 12558 8010 5715 3922 3124 2637 2447
55300 63577 77736 91522 99963 104242 106362 107545 108225 108518 108440 107945 107212 106028 104459 102837 100977 99356 97978 97081 96591 96577 96775 97226 97493 97549 97115 96344 95602 94459 93377 92048 91065 90111 89538 89174 88577 87850 87036 86037 85190 84348 83522 82659 81593 80596 79479 78142 76551 73498 68204 61879 59248 56783 55605 54401 53183 51653 50026 48119 45924 43611 40787 37571 34437 31210 27683 23455 19182 13136 8589 6188 4600 3325 2761 2468 2397
57816 68186 86173 98094 103478 106502 108122 109025 109486 109833 109735 109318 108672 107770 106502 105196 103943 102728 101311 100585 100123 100038 100103 100295 100465 100359 99796 99246 98347 97311 96412 94927 93007 91487 90456 89737 88845 87946 86625 85643 84696 83600 82578 81579 80273 78785 77230 75553 72398 67775 60874 57496 56544 55428 54162 52847 51510 50034 48210 45949 43521 40747 37648 34497 31190 27500 23249 19197 13271 8812 6456 4861 3689 2776 2455 2280 2263
59762 72165 91732 101091 105664 107593 108852 109712 110206 110439 110580 110292 109691 108917 108021 106924 105979 105122 104266 103592 103051 102899 102936 103029 103058 102834 102240 101635 100907 100112 98879 97450 95436 93341 91455 90234 88953 87794 86303 85155 83913 82585 81264 79776 78460 77050 74801 71832 67479 61307 57680 56623 55431 54070 52652 51231 49740 48158 46122 43493 40828 37803 34628 31144 27104 23005 19030 13056 8872 6571 5032 3942 3072 2416 2177 2085 2126
61275 74386 94032 102282 106023 107983 109239 110111 110639 110870 110945 110835 110434 109811 109026 108260 107608 106956 106321 105854 105358 105205 105120 105242 105193 104935 104524 103919 103118 102293 101109 99662 97915 95159 92654 90842 89064 87344 85880 84303 82564 81032 79623 77980 76120 74020 71233 67197 61658 57788 56640 55372 54035 52688 51064 49405 47705 45770 43373 40696 37710 34517 31015 26767 22750 18632 13015 9006 6560 5160 4126 3346 2660 2105 1922 1869 1956
61794 74693 94543 102124 105769 107861 109191 110090 110676 110992 111030 111061 110761 110356 109786 109230 108819 108328 107848 107468 107049 106876 106829 106885 106831 106599 106258 105838 105236 104208 103018 101507 99627 97005 93602 91290 88499 86734 84870 82831 81110 79330 77464 75820 73363 70124 65603 61957 58208 56713 55320 53879 52487 50817 49065 47164 45070 42771 40113 37189 34062 30423 26238 22258 17918 12687 9083 6666 5253 4328 3563 2868 2322 1884 1732 1777 1921
61375 74017 93768 101262 104895 107199 108733 109710 110340 110694 110919 111030 110843 110632 110319 109893 109592 109235 108926 108655 108286 108175 108078 108102 108034 107881 107621 107235 106619 105784 104524 102961 101050 98360 94130 90974 87631 85571 83268 81089 78883 76988 74403 71656 68494 64926 61927 58535 56975 55488 53953 52316 50534 48617 46663 44303 41762 39070 36172 32883 29208 25292 21332 16954 12200 8936 6764 5374 4559 3859 3156 2586 2159 1806 1724 1800 1956
60114 72384 92277 99664 103623 106150 107919 109007 109738 110163 110471 110672 110703 110589 110490 110270 110051 109898 109575 109382 109190 109084 109006 109037 108924 108869 108673 108352 107763 106963 105804 104186 102124 99214 94502 89941 86566 83942 81225 79100 76183 72896 69890 66854 64763 61735 58607 57215 55719 54150 52325 50449 48357 46104 43485 40742 37792 34568 31128 27362 23613 20070 15630 11511 8715 6727 5590 4765 4118 3524 2983 2454 2099 1964 1798 1902 2042
58456 70072 90045 97711 102000 104772 106605 107983 108860 109435 109784 110081 110361 110443 110334 110314 110164 110124 109942 109877 109788 109706 109716 109715 109681 109681 109522 109243 108751 108004 106842 105317 103197 99942 94312 88301 85111 81966 79333 76097 71906 68421 66084 63993 61250 58670 57341 55950 54276 52458 50474 48156 45528 42706 39812 36473 32741 29074 25375 21541 18455 14005 10684 8245 6630 5681 4907 4314 3750 3317 2900 2457 2259 2209 2207 2239 2291
56447 67514 87132 94929 99869 102899 105008 106449 107567 108379 108951 109347 109720 109958 110016 110133 110101 110080 110049 110083 110078 110063 110113 110250 110404 110426 110368 110014 109662 109019 107882 106395 104106 100492 94153 87340 83183 80215 75891 71057 67848 65915 63128 60198 58777 57441 55886 54334 52579 50535 48064 45319 42245 39034 35185 31027 27254 22993 19659 16128 12128 9617 7430 6231 5509 4897 4351 3870 3512 3215 2910 2604 2523 2537 2605 2641 2667
53033 61424 82466 91194 96700 100348 102740 104573 105958 106965 107771 108414 108873 109312 109553 109669 109871 109952 110045 110095 110137 110182 110355 110587 110847 110911 110894 110727 110464 109799 108688 107171 104984 101215 93602 86050 81910 76635 71490 67970 65187 61781 60006 58823 57383 55752 54129 52382 50404 47905 45104 41942 38212 33978 29629 25405 21045 17709 13353 10113 8137 6523 5789 5168 4641 4233 3833 3582 3443 3295 3058 2856 2845 2939 2989 3056 3052
48963 55598 72424 84456 91653 96463 99690 102045 103774 105167 106253 107100 107859 108466 108827 109094 109355 109513 109819 109948 110121 110279 110504 110685 110996 111200 111203 111105 110836 110179 109063 107549 105257 101179 92073 84289 78648 72961 68899 64964 61480 60196 58846 57358 55644 53791 51992 50040 47674 44783 41439 37256 32563 27916 23347 18959 15364 10925 8129 6693 5688 5171 4676 4185 3792 3508 3365 3329 3385 3392 3258 3263 3260 3372 3491 3565 3624
44862 49462 60784 72612 82303 89878 94589 97995 100711 102837 104400 105568 106517 107237 107816 108312 108744 109041 109335 109588 109855 110057 110303 110568 110846 111171 111316 111256 110944 110179 109095 107476 104935 100351 89187 81363 74981 70456 65948 62145 60535 59009 57441 55780 53725 51603 49501 47266 44297 40894 36585 31504 26376 21360 17157 12717 8644 6654 5477 4729 4256 3870 3502 3228 3021 2990 3042 3173 3355 3471 3498 3627 3749 3852 4016 4122 4169
41649 45488 51993 64367 73420 80586 87551 92701 96726 99719 101988 103552 105011 105958 106690 107247 107855 108312 108666 109006 109296 109504 109963 110257 110638 110920 111125 111037 110659 109838 108736 106892 104010 97363 85604 77351 72523 67945 63233 61159 59405 57669 55902 53811 51641 49330 46892 43972 40497 36193 30717 25269 19880 15442 10590 6967 5441 4547 3922 3434 3133 2979 2862 2835 2895 2974 3124 3342 3546 3785 3889 4061 4310 4429 4635 4683 4678
38395 41804 45746 55690 66774 74173 80685 86792 92164 96325 99453 101616 103304 104652 105594 106279 106970 107428 107881 108232 108467 108951 109342 109706 110149 110463 110642 110539 110109 109255 107842 105792 101997 91720 80278 74548 70053 64654 62220 60052 58160 56246 53987 51656 49221 46677 43765 40260 35895 30260 24434 19029 14172 9095 5952 4707 3739 3263 2982 2791 2690 2639 2694 2807 2947 3123 3364 3639 3899 4148 4463 4733 5008 5168 5343 5384 5550
35058 38051 41481 47459 60028 69168 75729 82146 88067 92771 96642 99485 101484 103143 104320 105307 106090 106707 107119 107478 107799 108116 108564 108945 109387 109704 109779 109559 108963 107979 106562 103903 96824 84590 76923 71635 66139 63430 60929 58762 56637 54361 51820 49199 46627 43475 39933 35452 29765 23779 18435 13090 8207 5209 4061 3402 2996 2710 2563 2443 2429 2523 2696 2910 3130 3395 3698 4040 4341 4624 5144 5540 5997 6216 6316 6313 6714
31552 34557 37752 41530 52463 64514 71844 78141 84165 89346 93696 97242 99821 101655 103036 104150 105107 105770 106256 106647 106903 107320 107661 108029 108422 108620 108584 108175 107544 106385 104087 99004 86406 80029 72654 67710 64613 61826 59525 57204 54725 52111 49332 46549 43328 39733 35254 29423 23243 17801 12205 7538 4816 3831 3250 2856 2553 2421 2229 2250 2372 2590 2859 3143 3439 3774 4158 4527 4845 5176 5724 6651 7360 7530 7482 7804 8193
27944 31283 34382 37894 44962 59346 68274 75007 81129 86412 91232 94961 98009 100156 101748 102980 103872 104649 105311 105678 106090 106376 106680 106966 107169 107085 106822 106072 104898 102509 98252 86896 80931 73627 69104 65382 62591 60297 58025 55465 52733 49744 46710 43355 39713 35391 29407 22972 17328 11505 6871 4657 3778 3249 2829 2515 2293 2198 2230 2328 2545 2822 3119 3465 3824 4248 4667 5088 5517 5894 6661 8086 9037 9264 9305 9657 9979
25737 27787 31502 34915 39663 56045 66186 73350 79508 84750 89491 93169 96331 98663 100573 101908 102803 103589 104141 104506 104953 105167 105298 105385 105159 104599 103745 101895 99296 94461 84182 78117 74795 69475 65991 63117 60942 58786 56370 53632 50501 47263 43721 39988 35844 29864 23121 17299 11051 6831 4612 3800 3298 2876 2577 2291 2220 2250 2353 2513 2781 3118 3495 3881 4319 4832 5337 5815 6355 6944 7939 9780 10875 11414 11837 11705 11655
24461 26228 29021 33077 37790 54528 65223 72768 78790 84011 88369 92205 95133 97708 99422 100841 101794 102579 103091 103485 103689 103765 103653 103285 102410 100992 98627 94778 88240 80427 76322 73517 69498 65949 63254 61252 59328 57206 54638 51636 48179 44520 40660 36574 30938 23900 17765 10969 7082 4729 3907 3386 3001 2666 2345 2289 2340 2436 2568 2784 3106 3502 3957 4426 5013 5614 6199 6833 7588 8518 10387 11792 12660 13506 14166 14140 13459
23984 25266 27414 31810 37261 55903 66570 73728 79610 84366 88453 91879 94493 96783 98552 99901 100858 101510 102061 102370 102401 102238 101656 100598 98771 95742 91434 84441 78579 74906 72420 68760 65180 62974 61265 59532 57752 55515 52857 49565 45834 41894 37703 32586 25281 19007 11891 7545 5030 4077 3560 3165 2811 2495 2418 2464 2561 2667 2818 3118 3531 4034 4548 5126 5834 6597 7336 8194 9157 10496 12546 13822 14803 16117 16648 16374 15888
23815 25068 27151 31598 42100 60144 69288 75979 80999 85162 88741 91867 94129 96181 97792 98972 99895 100475 100968 101135 100996 100423 99316 97329 94428 90038 83633 78255 73636 71236 67717 64159 62511 61031 59473 57890 56141 53832 51013 47367 43383 39208 34537 27524 20969 14179 8365 5625 4364 3851 3405 3048 2724 2590 2626 2701 2806 2945 3189 3616 4103 4659 5279 5981 6713 7591 8517 9478 10835 13123 15055 16627 18374 19971 20504 19650 18293
24017 25450 27693 33103 52399 64091 72169 78213 82526 86007 89222 91852 93947 95696 97121 98220 99006 99543 99887 99977 99552 98552 96601 93964 89789 84156 78659 73577 70768 66957 63199 61788 60575 59330 57956 56309 54526 52064 48934 45002 40875 36458 30568 23411 16925 9867 6643 4749 4194 3778 3386 3073 2839 2828 2907 3000 3138 3373 3734 4218 4794 5411 6035 6708 7589 8650 9710 11049 13211 16143 18562 20658 23403 25146 25744 25441 24256
24431 25965 28691 40944 58240 68294 75272 80339 84178 87227 89938 92229 93917 95448 96674 97676 98279 98749 98952 98844 98237 96718 94388 91016 85771 80444 74745 70848 66967 62832 61504 60355 59169 57936 56593 54989 52913 50198 46693 42549 38240 33173 25851 19763 12287 8007 5450 4548 4142 3815 3496 3263 3112 3131 3210 3379 3615 3981 4426 4951 5537 6116 6714 7530 8657 9760 11329 13457 17139 20190 22719 24759 26444 27613 28077 28074 27510
24953 26844 31681 49645 63014 71922 78224 82607 85707 88470 90796 92658 94078 95412 96519 97418 97871 98185 98210 97782 96777 95069 92406 88278 82904 77337 71616 68072 62965 61552 60391 59260 58126 56873 55406 53635 51305 48312 44417 40079 35298 28875 22327 15893 9893 6791 4992 4503 4192 3958 3761 3607 3555 3627 3773 3972 4315 4740 5192 5652 6178 6767 7491 8661 10042 11677 13876 16970 21691 24208 25264 26810 28582 29490 29848 29943 29655
25700 28392 39803 55941 66993 75511 80654 84536 87214 89813 91686 93263 94502 95661 96521 97217 97662 97778 97510 96810 95396 93400 90492 86063 80672 75326 70020 64746 61943 60696 59567 58498 57225 55859 54277 52219 49577 46142 41985 37286 31515 24552 18794 11911 8385 6067 4910 4561 4334 4200 4079 4007 4008 4131 4321 4636 5006 5437 5855 6285 6800 7474 8558 10439 12233 14321 17654 22727 24809 26082 27103 28622 30148 30936 31276 31393 31226
27136 33345 46286 60662 71205 78376 83237 86309 88900 90993 92744 94103 95104 95716 96592 97082 97336 97277 96743 95722 94354 92373 89378 85337 80289 74777 69279 63303 61548 60194 58952 57795 56492 54976 53088 50720 47739 43982 39576 34357 27083 21163 14432 9891 7392 5727 4944 4677 4527 4454 4421 4372 4450 4612 4863 5265 5681 6095 6485 6891 7528 8502 10440 12263 15437 18968 22066 25224 26586 27532 28875 30263 31430 32111 32463 32563 32496
30072 39957 52905 65349 74943 81221 85179 88438 90744 92775 94013 95111 95925 96613 96798 97105 97052 96948 96236 95238 94018 92023 89289 85371 80204 74455 68506 63123 61375 59874 58541 57325 55921 54186 52003 49277 45936 41870 37174 30975 23787 17627 11517 8708 6650 5586 5034 4850 4760 4694 4662 4717 4831 5062 5422 5847 6254 6649 7079 7671 8686 10212 12376 15744 19177 21554 24899 26633 27760 28543 30059 31588 32579 33214 33668 33771 33666
36663 45859 58265 69860 78207 83364 87601 90352 92537 94092 95339 96260 96925 97296 97324 97294 97023 96418 95812 94802 93465 91598 88970 85091 80185 73933 67753 62973 61177 59617 58304 56964 55355 53373 51005 48029 44278 39914 34681 27422 20980 14224 9885 7732 6319 5542 5127 4999 4930 4903 4926 5006 5187 5519 5902 6288 6722 7186 7798 8634 9954 12731 15759 18490 20780 23250 26142 27482 28457 29499 31002 32559 33457 34071 34492 34749 34766
