VNC_app_v-1.0/example_data/views_to.asc
ncols         281
nrows         251
xllcorner     277495
yllcorner     141995
cellsize      10
NODATA_value  -9999
[rows 204 to 237 of 251, columns 0 to 75 of 281]
108166 107030 105591 103557 101429 99566 97074 95381 93913 92832 91579 90149 88665 87092 85168 83219 81057 78772 76507 74386 72374 70431 68554 66757 64772 62757 60791 58561 55912 52993 49406 45271 41302 37956 35592 32787 31226 28384 22488 18886 16580 15169 14257 12793 11244 10167 9051 8549 8257 8113 7992 7835 7783 7587 7312 7055 6926 6570 6284 6093 5876 5712 5629 5441 5492 5379 5318 5300 5315 5296 5349 5429 5534 5666 6305 6401
102723 101393 99625 97514 95898 94105 92510 91202 89808 88330 87070 85890 84300 82403 80241 78163 75873 73657 71431 69374 67447 65239 62907 60875 58914 56631 53799 49706 45532 41701 38871 36137 32880 29834 26653 21058 17597 15145 12831 11341 11045 10131 9592 8629 8075 7639 7384 7229 7123 7080 7147 7239 7266 7196 6993 6799 6595 6343 5934 5638 5552 5464 5348 5243 5196 5079 5029 5092 5101 5166 5156 5174 5338 6266 6712 7194
97221 95830 94087 92310 90678 88944 87256 85606 84345 83241 81900 80725 78969 77066 74961 72747 70397 68153 65936 63479 60791 58499 56516 54085 50735 47336 43657 41281 39102 36513 33615 30384 27131 21214 16597 14348 12339 11206 10154 9433 8765 7925 7517 7207 7038 6910 6821 6838 6839 6935 7068 7125 7179 7111 6901 6599 6313 5717 5399 5276 5133 4996 4913 4849 4815 4792 4786 4836 4944 4983 4997 5227 5778 6762 7845 9096
92252 90327 88112 85834 84015 82499 81752 80638 79728 78446 76972 75003 72860 70553 68230 65937 63509 60904 58145 55868 53224 50002 47517 44779 43157 41505 39654 37451 35129 32512 29810 26825 21166 15765 13110 11589 10838 10157 9506 8692 8142 7780 7563 7433 7291 7213 7182 7140 7313 7438 7462 7559 7547 7409 6995 6686 6238 5550 5129 5032 4855 4731 4645 4603 4607 4622 4729 4874 5044 5584 6247 6910 7632 8466 9637 10344
86360 83930 81604 79297 77512 77206 76197 75356 73561 71691 69718 67608 65365 62937 60169 57163 54413 52167 49507 47032 44767 43322 42254 41346 40302 38708 36753 34709 32374 30260 28213 25356 20287 15357 12857 11641 11156 10614 10043 9224 8877 8585 8407 8297 8217 8186 8225 8269 8419 8548 8472 8394 8179 7862 7512 7003 6551 5849 5366 5178 5056 4890 4835 4800 4858 4918 5167 5746 6446 7074 7740 8377 9094 10111 10753 11303
79208 75785 72665 69839 69147 69492 69790 68343 66484 64475 62425 60217 57628 54781 51965 49658 47607 45235 43524 42204 41140 40240 39453 38939 38455 37345 35944 34399 32574 31306 29851 28020 25522 21673 17691 15524 14134 13133 11841 11292 10713 10457 10192 10089 10015 9921 9864 9834 9900 9910 9720 9464 9168 8740 8308 7702 7182 6442 5798 5577 5467 5395 5357 5529 5759 6167 6658 7191 7813 8489 9084 9859 10722 11506 12167 12870
68609 65517 63443 61729 60650 61819 62547 61254 59740 58189 56494 54601 52427 49682 47412 45177 43507 42072 40547 39319 38512 38008 37633 37545 37610 37390 37001 36216 35424 34603 33721 32613 31280 29722 28415 27805 28029 26845 22630 18875 15967 13976 12795 12405 12193 11971 11795 11810 11822 11947 11734 11367 10999 10405 9815 9125 8427 7860 7078 6761 6682 6720 6863 7011 7219 7542 8005 8681 9368 10135 10907 11616 12232 12902 13562 14099
58399 55735 54311 54656 54057 56194 57128 56309 55267 53912 52447 50571 48178 46098 44455 42980 41635 40565 39540 38604 37909 37167 36558 37677 38604 38957 39101 38990 38764 38482 38055 37627 36974 36391 36174 36979 37910 38269 37889 36000 33965 31664 26334 19682 16182 14980 14718 14493 14316 14177 13877 13360 12813 12161 11438 10696 9885 9294 8701 8302 8146 8137 8217 8386 8592 8945 9515 10135 10990 11787 12493 13045 13665 14243 14903 15745
51140 48523 47160 47201 48374 52377 52389 52096 51382 50419 49452 47981 46522 45155 44045 42872 41833 40887 39894 38325 37221 36008 35413 35654 41128 42130 42374 42483 42711 42589 42494 42454 42435 42044 43730 45512 47683 48666 48702 47901 46351 44198 41456 38107 34024 27246 19934 17253 16617 16436 16003 15349 14628 13863 12953 12091 11184 10477 9980 9649 9514 9481 9608 9807 10087 10438 11083 11742 12574 13215 13856 14402 14929 15712 16706 17679
44593 41128 41260 44549 47427 48662 49177 49414 49270 48434 48184 47598 46885 45933 44753 43712 42871 42064 41252 39972 38729 39628 40045 41760 45036 45841 46388 46738 47468 47887 47787 48047 48272 48861 51539 53937 56232 57256 56949 56505 55261 53683 51894 49528 46237 42639 38404 33529 25174 19890 18231 17397 16438 15521 14419 13412 12438 11659 11141 10806 10665 10734 10871 11102 11519 11971 12608 13257 13941 14575 15132 15804 16617 17494 18524 19668
38763 36593 34468 37630 43674 46717 47443 48096 48015 48251 48516 48391 48287 47717 47162 46753 46481 46059 45811 45109 45514 47312 48471 49568 49803 50211 50447 50626 51364 51575 51758 52567 53948 56493 59819 62400 65694 67486 67550 66321 63905 61448 59549 57704 55465 53274 49924 46552 41998 36700 27578 20130 18225 16930 15774 14636 13645 12820 12155 11780 11680 11842 12242 12544 12926 13514 14084 14742 15278 15956 16848 17652 18458 19401 20603 21758
1502 1576 5069 12020 25230 31927 33607 38116 44289 48717 49581 50042 50441 50494 50462 51022 51342 51566 51954 51681 51938 53536 55180 55569 55441 55434 55155 56020 56805 56642 56428 59737 61509 65211 67924 71058 73846 75315 76653 76615 74936 71557 68428 65167 62992 61071 58975 56235 52882 48803 43223 32512 21310 18707 17203 15959 14826 13895 13118 12770 12966 13216 13572 14072 14536 15072 15601 16185 16863 17775 18615 19412 20368 21482 22771 23867
1510 1885 7061 10828 19452 25319 25720 27161 37151 43106 47548 49593 50625 49883 49330 50902 55516 56892 58380 58503 59237 60445 61892 62113 62464 62207 61950 62751 64112 64449 65977 66874 69264 73565 75663 77619 80896 81875 83151 83407 82798 81037 78243 74608 71248 68250 66036 63873 61464 57804 51745 44327 30883 20654 18778 17271 15969 14946 14238 13902 14002 14478 14983 15585 16047 16517 17067 17988 18709 19450 20266 21229 22200 23285 24470 25782
1697 3132 7002 10631 20334 25481 24710 24897 32115 35418 43585 49888 50438 49379 48427 51946 58399 61992 65256 67108 67024 67656 68126 68528 69693 70007 70073 71014 71782 73533 75250 76150 77879 79968 81889 84381 86711 87769 88804 89625 89050 87959 86426 84295 80650 77361 73911 70720 68428 64844 58742 50977 37195 23897 19629 17986 16581 15568 14916 14872 15126 15679 16207 16891 17556 18479 19062 19740 20363 21038 21904 22808 23639 24634 25869 27264
2529 3825 7924 12767 21549 27164 25120 25273 29716 33383 38974 46105 48501 48861 51715 53097 63105 68845 72686 73854 73835 73280 73932 75444 78450 78623 78681 79472 81466 82410 82682 82898 83974 86496 88758 91344 93311 94336 95354 95911 95376 94434 93178 91549 89379 85807 81377 77045 73269 69564 63462 54888 41167 26516 20220 18492 17164 16263 15782 15787 16042 16627 17480 18674 19573 20332 20841 21414 22036 22681 23437 24118 24995 26013 27390 28713
3952 5975 9733 14075 20880 28235 28465 25051 29181 33623 34694 46270 50097 46494 49560 53641 68579 76108 79229 80660 80897 80516 80934 83495 85331 86449 86464 88177 89342 89468 89370 89316 90962 94007 95350 97904 99219 99639 100837 100904 100362 99400 98179 96553 94605 92087 87087 81888 76819 72237 65773 57208 43864 29101 20683 18945 17775 16945 16558 16514 16696 17579 19004 20270 21210 21979 22616 23194 23721 24247 24845 25677 26529 27589 28940 30408
5855 7473 10436 14906 21347 29291 30552 26634 32080 35395 38263 46961 50502 47279 49336 54904 71025 80864 84334 85951 86177 86703 87996 91149 94978 96526 97050 96962 96998 96314 95923 95602 97468 99267 100789 102980 104185 104471 105394 105211 104647 103781 102454 100836 98700 96098 92632 86016 79731 74016 66730 57899 44717 30234 21199 19362 18280 17524 17145 17100 17519 18172 20350 21744 22815 23735 24336 24845 25275 25849 26549 27368 28310 29577 30954 32911
7167 8615 10358 15892 21668 30291 35315 31230 32284 35306 39528 42719 47468 44226 48134 54625 74762 83860 89186 91404 92407 93251 97094 100433 102989 102913 102178 101666 101419 100966 100258 100749 102184 103775 105302 107264 107726 108686 108977 108827 108163 107252 105963 104211 101954 99218 95738 89057 81880 75129 66564 57673 44378 31317 22142 19954 18752 18178 18090 18172 17205 18909 21687 23555 24757 25852 26511 26927 27440 28068 28973 29899 31212 32286 32859 34226
8144 9432 10274 12480 20314 30417 38021 32241 31612 33908 33604 33895 41292 40903 45547 60396 77888 86885 90901 94565 98553 100964 104847 107647 107740 107009 106322 105744 105348 104728 104132 104245 106196 107158 108878 110711 111776 112217 112353 112275 111634 110629 109283 107472 104986 102001 98273 91166 83211 75860 66568 56027 43447 31039 22511 20753 19501 19075 19122 18601 18796 20187 23148 25941 27394 29002 29886 30292 30901 31626 32389 32914 33542 34240 34641 35862
6511 7745 7600 10140 16144 23238 30257 30280 28290 30102 28477 27118 35218 39737 46875 63451 78292 85872 92969 98157 104359 107855 111396 111732 111713 111170 110032 109293 108600 107812 107346 107892 109272 111265 113094 114596 114790 115286 115383 115031 114205 113077 111680 109765 107389 104161 99875 92198 83973 75874 66251 54097 42356 30038 22744 21291 20168 19845 20322 20272 20871 22657 25012 28640 35880 38126 38827 38475 37582 36706 36237 35830 35944 36590 36980 37532
5098 4919 5878 7490 12129 17531 22640 24630 24162 24544 27118 26423 31313 39472 44367 62598 80967 85950 94564 102839 110137 114454 114716 114725 114487 114347 113907 112893 112392 111406 111475 111791 113967 116111 116819 117167 117436 117726 117534 116880 116069 114926 113517 111595 108980 105659 101155 92682 84238 74794 64921 52385 41241 29367 23075 21901 20981 21215 20741 21733 22270 25077 28099 31717 44692 46790 47107 46275 45187 44117 42873 42023 41006 40932 39923 40361
4475 4700 5167 6984 8847 13396 15838 19595 22484 23596 25335 24667 29346 37846 48268 61937 77652 88132 98201 108824 116870 117507 117369 116947 116879 116753 116793 116674 115811 114889 114972 115882 117928 118542 119084 119368 119542 119635 119314 118677 117807 116678 115194 113184 110342 106835 101990 92592 84002 72570 62291 50203 39639 28944 23600 22638 22067 21378 21240 22751 24056 27313 31067 36876 52172 53870 54150 53891 52990 51776 50035 49018 48359 47767 47110 45245
4527 4857 5699 5772 8567 10577 15326 18054 20195 21120 22693 23949 28208 37713 47825 62938 77544 89862 101445 116100 120074 120015 119530 119348 119044 119019 118967 118892 118754 118033 118335 119452 120230 120898 121158 121126 121371 121227 120956 120389 119343 118065 116526 114343 111414 107693 102348 92220 83718 71464 58797 47571 36782 27249 24454 23324 21442 20411 22275 23403 26200 29644 33945 43275 55961 59383 59831 59579 59040 58280 57341 56274 55424 54005 53671 53287
4730 5017 5475 6243 8328 11479 14590 18087 20337 21319 22736 24467 26473 35311 46573 62720 78171 94744 108340 122128 122734 122491 121622 121112 120921 120926 120857 120817 120548 120762 120938 121898 122664 122985 123146 123037 122881 122735 121982 121324 120295 119133 117463 115219 112250 108246 102205 91819 82907 70001 56267 44331 31884 26099 24337 23164 19722 19938 21433 24474 27969 32027 36028 47597 61075 64921 65169 64728 63949 63468 62688 62145 61597 61325 57801 58742
4871 5143 5371 6351 8133 11584 15153 16628 21029 22210 22118 23367 25192 30167 44411 59440 80614 94939 117215 124577 124395 123824 123141 122763 122636 122575 122940 122692 122717 122791 123535 124198 124826 124914 124827 124378 124006 123243 122871 122000 121046 119860 118193 116013 112887 108301 101299 91030 80808 66801 52120 37541 28267 25433 24024 20523 16605 17431 21292 25385 28399 34029 38698 52185 67849 69881 70212 70049 69119 68027 67369 66930 66815 66636 66260 62566
5035 5295 5627 7422 8513 12093 13533 16574 19392 21733 21700 21878 22793 28216 39744 56847 76892 99208 120278 125482 124891 124542 123964 123503 123630 123857 124169 124083 123987 124726 125498 126203 126723 126462 126024 125484 124833 124233 123416 122557 121649 120294 118627 116441 113164 108338 100126 90622 79082 63393 46738 32481 26688 24672 22159 18635 14741 16232 19483 26077 29715 35545 43596 59869 71135 74292 74439 74117 73537 72451 71393 70924 70564 70460 69840 67495
5280 5552 6709 8117 9279 10061 11193 15535 18926 20576 20649 20945 21687 25654 30293 54009 79260 104710 119951 125837 125251 124738 123853 123756 124151 124683 125179 125095 124809 126294 127414 128088 128247 127817 127137 126384 125578 124748 123919 123073 122072 120597 118967 116742 113398 108104 99019 90110 78161 61001 41667 29861 26120 23465 20994 18033 15442 16251 19798 26174 31915 37688 50043 65406 76670 78277 78461 78107 77551 76680 75865 75239 74499 74297 74182 73282
5338 5809 6230 7645 9233 9509 10966 12437 14197 19718 20285 15852 15764 17581 28572 47325 74061 101629 118730 123979 124280 123891 123002 123071 123451 124729 125215 125167 125349 127942 128913 129647 129507 129031 128164 127069 126081 125355 124522 123565 122487 120837 119291 117008 113434 107723 98175 89819 78040 57684 38180 28879 25520 22210 20090 17337 16119 17010 20223 26813 33858 42350 52965 69007 81492 82546 82429 82096 81309 80587 80013 79616 78682 78839 78120 76703
5229 5686 6051 6384 6910 7504 9302 10362 12166 14265 15137 14096 13373 13699 15345 25465 76401 99342 111562 118806 122272 122001 120005 121729 122193 124452 125538 125324 126994 129014 130334 130725 130673 129751 128730 127790 126949 126079 125179 124244 122900 121404 119767 117333 113529 107395 97972 89791 77837 55401 35775 28571 24301 21187 18693 16566 16220 16830 19600 27049 34846 46084 57940 70244 86083 87055 86128 85341 84714 83882 83427 83267 82984 82673 82570 82763
5138 5600 5944 6374 6642 7161 7753 8673 10038 12626 13681 12474 11846 12834 13497 20665 64858 93423 106228 110787 114176 115401 114811 115073 117277 122276 125770 125958 128399 131647 131741 131718 131337 130521 129443 128612 127711 126697 125720 124652 123406 121908 120099 117747 113838 106923 97819 89547 76880 53039 33954 28188 23550 20768 17458 16093 16647 17464 20140 27735 33397 43072 60140 73722 88288 90199 89701 89070 87611 86883 86760 86582 86676 86658 85955 85904
5070 5447 5857 6233 6627 6931 7069 7728 8775 11078 12722 12645 12533 13871 14775 24567 60191 86779 94574 102867 103057 104291 102989 105050 110528 117679 122808 126720 130092 133136 133295 132948 132609 131264 130420 129450 128645 127522 126482 125222 123656 121909 120126 117683 113605 105966 97553 88575 73371 49858 33232 27258 23109 19927 16913 16551 17681 18767 22264 28959 32967 42627 58425 76306 90825 92515 92517 91923 91533 90650 89515 89902 89786 90434 89646 90133
4985 5402 5773 6179 6543 6889 7030 7293 8735 9986 12374 12459 13374 13972 14725 27709 62602 80590 86367 92207 96262 96232 96639 96335 102411 114676 121388 126266 131556 134633 134194 134286 133461 132265 131182 130353 129518 128518 127230 125675 123958 122027 119897 117410 113023 105077 97158 87449 70252 46443 32384 26288 22687 18754 16818 17008 18323 19853 24651 31698 34823 42506 62743 79977 92458 94089 94360 94258 93901 94022 92998 93821 94273 94454 93113 94413
4864 5340 5725 6133 6514 6827 7067 7441 9435 11411 12899 13735 14892 17430 18305 41490 62245 78479 83385 86738 89626 89444 90644 93526 100519 109415 118775 125492 133282 135297 135024 134895 134452 133550 132497 131450 130348 129168 127864 126208 124423 122238 119963 117210 112406 104265 96534 86414 65657 43294 31398 25364 22237 18342 17283 17170 18443 21170 26167 31803 37230 45512 60439 82592 94591 96015 96270 96103 96258 96526 95692 96538 97314 97629 97315 99707
4883 5320 5663 6026 6411 6786 7068 8172 10344 12494 13972 15332 17688 28465 31028 45686 58706 74657 85175 85779 88465 91054 90717 96871 101757 112507 117737 130657 135064 136056 135976 135799 135354 134336 133556 132407 131167 130050 128383 126602 124718 122505 119948 116759 111535 103764 96199 85298 62391 41091 30263 25344 21785 18266 17745 18123 19369 22338 26827 32861 39461 48526 66564 81063 96630 97963 97986 98314 98004 98249 97279 97658 100315 100708 100387 103014
