VNC_app_v-1.0/example_data/views_to.asc
ncols         281
nrows         251
xllcorner     277495
yllcorner     141995
cellsize      10
NODATA_value  -9999
[rows 0 to 33 of 251, columns 76 to 151 of 281]
28967 28324 27616 26891 26083 25221 24879 24326 24007 24104 24017 22620 21389 20206 19657 18855 18174 17562 17128 16733 16416 16022 15601 15187 14845 14568 14354 14147 13987 13873 13761 13700 13679 13665 13653 13584 13533 13521 13529 13597 13799 13936 13455 12887 12373 12178 11992 11690 11395 11026 10724 10733 10945 11110 11188 11308 11374 11418 11451 11458 11556 11751 11785 12444 13219 13695 14101 14394 14569 14830 15127 15085 15020 15012 15074 15136
26796 26180 25162 24256 22896 21738 21347 21072 20752 20782 20345 19502 19263 18864 18384 17809 17342 16878 16531 16180 15812 15393 15001 14704 14448 14246 14062 13878 13756 13709 13665 13661 13685 13751 13835 13787 13814 13874 13860 13930 14208 14376 13691 12780 12396 12074 11828 11474 11127 10728 10323 10229 10240 10282 10476 10796 10985 11065 11078 11041 11219 11342 11626 12383 12943 13220 13621 13793 13966 14085 14225 14041 13989 14056 14107 14109
25447 24684 23570 22194 21260 20236 20074 19735 19384 19142 18961 18556 18338 17892 17438 17006 16678 16365 15999 15587 15230 14879 14596 14374 14190 14007 13823 13726 13718 13715 13731 13765 13828 13947 14065 14052 14073 14071 14191 14141 14458 14656 14187 13209 12808 12256 11799 11433 11028 10528 10273 10158 10118 10129 10234 10322 10446 10662 10854 10990 11211 11320 11704 12380 12792 12975 13090 13129 13224 13207 13186 13008 12923 12948 12948 12948
24454 23776 22767 21831 20967 19790 18596 18830 18719 18679 18367 17872 17469 17031 16666 16310 16027 15708 15417 15075 14791 14555 14390 14233 14064 13894 13776 13710 13845 13906 13955 13995 14044 14199 14283 14285 14299 14344 14452 14458 14756 14964 14805 13566 13097 12689 12106 11487 11002 10576 10300 10176 10110 10152 10198 10230 10362 10435 10613 10839 11207 11467 11833 12204 12476 12264 12289 12216 12169 12111 12038 11843 11706 11667 11683 11685
23466 23263 22495 21440 20150 18976 18541 18591 18370 18006 17618 17120 16755 16359 15971 15670 15415 15163 14937 14693 14515 14381 14258 14137 14010 13877 13921 13945 14127 14192 14255 14317 14462 14479 14522 14638 14668 14729 14835 14880 15055 15395 15299 14192 13530 12963 12393 11868 11351 10788 10376 10213 10170 10182 10197 10176 10295 10498 10632 10752 10939 11208 11432 11657 11589 11317 11321 11272 11064 10970 10903 10717 10533 10441 10456 10448
22739 22503 21605 20380 19369 18888 18506 18169 17816 17361 16982 16541 16128 15752 15420 15110 14890 14724 14584 14442 14312 14243 14174 14090 14097 14072 14184 14294 14242 14391 14433 14453 14510 14565 14634 14688 14745 14874 15062 15227 15315 15791 15742 14735 14086 13408 12718 12232 11687 11252 10883 10558 10347 10283 10260 10221 10363 10549 10647 10829 10940 10978 11025 10924 10784 10330 10218 10046 9843 9703 9620 9417 9315 9239 9314 9291
21833 21745 21034 19816 19068 18635 18240 17812 17370 16883 16434 16007 15604 15220 14881 14611 14455 14346 14264 14193 14142 14065 13967 13883 14029 14237 14302 14335 14350 14382 14448 14508 14574 14631 14684 14754 14891 15037 15156 15308 15502 15991 16067 15450 14440 13870 13217 12586 12136 11721 11315 11005 10793 10674 10636 10592 10686 10875 11092 11150 11139 10978 10848 10445 10028 9555 9338 9172 8931 8716 8635 8483 8338 8200 8192 8248
21500 20811 20169 19541 19019 18534 18134 17641 17105 16546 15979 15548 15106 14725 14416 14153 14035 14025 13978 13890 13835 13755 13815 13894 13974 14248 14287 14312 14369 14438 14502 14565 14624 14692 14772 14913 15069 15232 15362 15573 15834 16130 16327 16049 14629 14122 13498 12888 12342 11997 11713 11391 11172 11043 10919 10883 11094 11247 11369 11426 11309 10901 10132 9672 9381 9035 8727 8451 8213 7962 7809 7647 7525 7484 7548 7602
21128 20120 19972 19607 19145 18723 18159 17614 17062 16429 15752 15197 14736 14373 14033 13823 13588 13566 13623 13581 13569 13560 13710 13861 14143 14219 14282 14337 14411 14466 14539 14607 14697 14825 15014 15162 15380 15534 15671 15854 16095 16101 16237 15897 14580 13939 13290 12767 12356 12004 11798 11617 11457 11358 11282 11270 11294 11415 11474 11228 10715 10094 9754 9378 8895 8517 8174 7877 7608 7373 7156 7075 7060 7003 7133 7245
21342 20773 20491 19782 19403 18948 18354 17751 17117 16365 15571 14953 14458 14054 13757 13405 13270 13239 13308 13279 13245 13605 13734 13876 14150 14246 14307 14379 14461 14559 14687 14784 14921 15106 15280 15505 15657 15774 15895 16005 15952 16011 16021 14791 13714 12891 12537 12289 12066 11806 11572 11527 11503 11436 11369 11295 11299 11240 10834 10224 10013 9646 9294 8862 8369 7951 7623 7330 7089 6908 6785 6708 6760 6803 6934 7035
20659 20904 20930 20818 19625 19236 18699 18001 17376 16592 15510 14752 14282 13851 13461 13088 12770 12808 12815 13317 13541 13655 13693 13991 14126 14201 14228 14528 14683 14813 14902 15024 15182 15383 15559 15719 15884 15919 15909 15895 15747 15478 14181 13509 12799 12563 12247 11958 11715 11482 11263 11044 10966 10841 10848 10715 10550 10275 10019 9802 9577 9147 8767 8322 7950 7582 7233 7004 6806 6671 6600 6653 6752 6861 6970 7048
20122 20732 20971 21332 21540 20833 19769 18814 18125 17342 16347 14795 14231 13761 13370 12972 12603 12465 12712 12796 13244 13404 13663 13774 13881 14159 14363 14551 14700 14843 14968 15260 15429 15681 15842 16009 15946 15951 15789 15269 14110 13363 13010 12644 12379 12169 11882 11640 11432 11175 10954 10726 10559 10407 10239 10077 9925 9769 9560 9343 9111 8638 8362 8018 7752 7530 7324 7203 7070 7091 7282 7310 7355 7395 7468 7369
19271 20453 21586 22093 22773 23108 23118 22569 21018 19754 17957 16592 14527 13967 13497 13173 12881 12504 12206 12308 12734 12976 13247 13630 13918 14048 14149 14254 14450 14663 14860 15207 15487 15903 16170 15939 15925 15755 13440 13175 12821 12239 12073 12017 11897 11680 11467 11224 11033 10810 10580 10341 10165 9986 9840 9671 9498 9316 9074 8855 8643 8398 8085 7792 7601 7463 7497 7771 7832 7865 7842 7896 7866 7868 7754 7399
19969 20711 21621 22618 24263 25082 26058 26017 25382 23846 22101 20294 18329 15488 14067 13628 13237 12924 12643 12521 12455 12682 13146 13577 13735 13812 13936 14092 14249 14375 14742 15187 15450 15902 15872 15714 14888 13232 12600 12168 11908 11677 11527 11362 11287 11175 10981 10788 10644 10469 10170 9934 9744 9591 9455 9296 9136 8889 8698 8514 8360 8113 7997 7874 7820 7776 7805 8172 8433 8684 8622 8531 8427 8149 7677 7164
22633 23146 23583 24535 26072 27144 28493 29301 29143 27982 26274 24606 22932 20794 18617 15123 14305 13679 13118 12905 12955 13088 13236 13586 13735 13820 13933 13984 14013 14269 14732 15225 15360 15652 14812 12987 12503 11957 11664 11496 11231 11005 10768 10599 10493 10385 10261 10166 10010 9841 9615 9332 9162 9010 8873 8713 8538 8268 8099 7992 7923 7836 7700 7661 7732 7825 8120 8683 9271 9378 9392 9309 8855 8091 7490 7036
27671 28054 28372 28754 29662 30679 31858 32688 33150 32511 30854 29087 27331 25274 23383 21289 18149 14858 14654 14279 14038 13897 13834 13871 13997 14171 14239 14320 14326 14529 14775 14911 14891 14701 12243 11747 11368 11117 10805 10573 10371 10124 9852 9682 9543 9397 9267 9215 9203 9129 8921 8670 8460 8284 8129 8004 7889 7712 7539 7494 7535 7661 7731 7822 8096 8214 8706 9751 10822 11202 11197 10815 9513 8493 7821 7018
32302 33121 33823 34377 35387 36636 37594 38785 39171 38510 35828 34174 32402 30525 28462 26257 23590 20967 17450 15405 15090 14788 14614 14576 14560 14612 14822 14959 14978 15132 15048 14743 13944 11986 11204 10850 10594 10297 9940 9637 9422 9177 8937 8748 8574 8393 8248 8218 8332 8296 8186 7992 7840 7721 7713 7659 7568 7410 7453 7432 7508 7762 7986 8844 9765 10305 11075 12439 13281 13369 13023 11667 9931 8993 8067 7171
38625 39341 39864 40304 40655 41348 42395 43730 45075 44815 42904 40139 37072 34645 32503 30612 28575 26424 24302 22494 18902 16110 15887 15775 15701 15700 15739 15741 15690 15763 15197 13662 12266 11373 10606 10162 9803 9453 9090 8794 8551 8345 8122 7961 7867 7801 7697 7641 7713 7789 7780 7754 7827 7895 8008 8000 8008 7870 7820 7686 9070 9635 10453 10779 11308 12089 13078 14377 15215 14965 13308 11957 10763 9495 8482 7738
45470 46415 47359 48044 48448 48982 49979 51078 53013 53359 51427 48786 44974 40921 37161 34641 32307 30483 28914 27739 25988 24189 22291 18817 16902 16762 16636 16493 16273 15498 14039 12926 12113 11265 10389 9752 9206 8870 8516 8252 8035 7893 7709 7663 7652 7592 7586 7675 7859 8156 8399 8563 8605 8742 9646 9864 9965 10154 10326 10188 10892 11630 12152 12786 13433 14292 15372 16917 17461 15737 13541 12327 11204 10178 9118 8246
52277 52596 53165 54252 54483 55092 55764 56685 58990 60007 59366 59125 54537 49764 45907 40379 36843 34619 33179 32039 30798 29566 28344 26814 25208 23511 19768 17395 16452 15295 14099 12996 12211 11407 10639 9735 9220 8735 8324 8055 7901 7788 7655 7817 7964 8026 8071 8848 9967 10479 10795 10993 11133 11206 11393 11602 11793 11883 11740 12213 13158 13900 14541 15205 16115 17200 19065 20049 19466 15525 13835 12591 11459 10454 9475 8769
57086 57298 58363 58770 59023 59886 60387 61144 64192 65714 67516 66902 63430 59249 53832 49512 45359 40916 38154 36703 35422 34333 33208 32189 31175 30115 28477 26048 21786 16124 14571 13351 12630 11898 10947 10324 9841 9157 8815 8608 8506 8357 8583 9372 10255 10696 11096 11322 11582 11829 12056 12298 12524 12774 13064 13368 13778 14144 14096 14647 15761 16753 17603 18448 19511 21468 22227 21932 17299 15128 13702 12484 10508 9409 8999 9262
61150 61275 62124 62274 62906 63398 63792 64627 68604 71275 74101 73645 70431 66644 62395 57797 53098 49679 46742 43809 42012 40490 38759 37247 36148 35141 33971 32078 28926 24923 18532 14394 13266 12430 11855 11238 10736 10404 10172 10225 10415 10694 11150 11677 11993 12263 12510 12811 13109 13419 13770 14032 14328 14423 14692 15037 15768 16757 17505 18478 20002 20949 22099 23436 25137 25564 24498 18907 15956 14033 12104 10721 9757 9098 8973 9280
64308 65011 65647 65808 66173 66816 67995 69636 72360 77352 79496 78745 76224 72917 69241 64791 60291 56199 53927 51639 49522 47053 45467 44187 43048 42036 40630 38327 34715 30979 27018 22446 15198 13933 13289 12906 12500 12272 12120 12279 12497 12804 13110 13437 13732 14004 14261 14560 14880 15294 15767 16123 16689 17195 18268 19618 20574 22005 22926 23674 25344 26681 27938 28989 28739 27447 22506 18190 13916 11793 10773 10190 9434 8855 8578 8745
67435 68308 69438 69726 70624 72391 72708 74549 77393 82410 83877 83326 80530 77906 74728 71004 66831 62400 59166 57147 55456 53658 52132 50217 48993 47673 46151 43611 40689 37654 34850 30738 25720 21385 15829 14792 14497 14332 14336 14535 14736 14913 15170 15524 16001 16382 16668 17144 18167 19512 20672 21456 22067 22696 23482 24614 25748 27137 28315 29331 30925 32048 32261 32091 29351 24510 20632 15981 12077 10863 10237 9574 8934 8285 8095 8577
70990 72458 75867 76889 78041 77944 77197 78626 83747 87427 88458 86938 85178 82837 79651 76131 72244 68665 64973 62106 60177 58548 57380 56233 55253 53949 51336 48303 45414 42793 40179 37543 34942 31985 28131 24662 21643 19429 18810 18445 18610 19254 20022 20927 21801 22422 23074 23654 24590 25654 26412 26959 27887 28419 29303 30473 31731 33111 34056 35091 35138 34955 33911 31341 27627 23024 18232 14431 11561 10486 9634 8762 8183 7730 7737 8654
75405 77523 81871 82136 83591 82300 81707 84587 88543 92341 91967 90533 89038 86656 84173 80767 77306 73869 70554 67639 65198 63560 62000 61092 60682 61197 57731 53979 50096 47543 45228 43059 40849 38801 36863 34969 33331 32126 31053 30498 30334 30405 30685 31129 31445 31647 31777 32084 32773 33263 33992 34405 34767 35280 35633 36922 38417 39523 39747 39155 37997 35458 32618 29729 26442 21209 17341 13820 11350 9818 8763 8065 7529 7320 7635 8537
80842 84623 87077 87675 88170 88261 88202 90463 93211 96708 95296 93303 92774 90256 87924 84973 81647 78712 75774 73112 70748 68896 67768 67351 67736 68223 65282 60998 56030 52296 49766 47970 46190 44445 42727 41279 40306 39489 38893 38530 38310 38304 38453 38540 38558 38431 38367 38533 39013 39434 39975 40206 40548 41004 41449 42268 43058 42695 41883 39651 36882 34710 32233 28837 24630 19758 15925 12932 10709 8901 8016 7390 7197 7215 7631 7430
87565 89938 91959 94340 93859 94753 94530 95542 98434 100344 98514 97293 96454 93786 91398 88712 85489 82740 80284 78109 76839 75299 74660 74101 74204 74885 72119 67689 63289 58346 55507 52536 50590 49105 47754 46724 45771 45059 44486 44073 43869 43900 43842 43777 43491 43251 43065 43104 43332 43846 44081 44465 44812 45226 45635 45930 45421 43545 40807 38331 36566 34077 31184 26999 22588 17608 14928 11784 9390 8084 7159 6934 6838 6925 7089 7703
93167 94427 97826 99697 98642 99812 100138 100473 103270 104458 103298 102451 100723 97860 94874 92159 89004 86546 83827 82490 81850 80891 79791 78906 79218 80829 78510 74321 70026 65682 61606 58350 55659 53309 51983 51014 50268 49657 49289 48930 48764 48610 48399 48128 47769 47296 47017 46966 47224 47467 47631 47819 48154 48406 48164 47330 45738 42895 39993 37936 35698 32951 29009 24945 19733 15985 13521 10271 8554 7352 6722 6574 6585 6682 7425 9441
97975 101454 103228 103132 103039 103487 104814 105908 110073 108957 108404 106714 104866 101864 98716 95320 92367 89763 88175 87129 86204 85245 84039 83364 83664 83912 83540 80565 76268 71909 68041 64710 60810 58869 56540 54818 53964 53598 53194 52880 52668 52364 52123 51737 51286 50895 50500 50283 50643 50556 50865 51007 51157 50170 49037 47118 44757 42187 40078 37338 34749 31257 27711 22741 18402 14965 11668 9220 7834 7054 6369 6305 6489 7979 10276 14079
104141 107211 106537 106612 106332 107993 109737 112268 114272 114435 112827 111047 108429 105353 101711 98557 95787 92761 91957 91376 91091 89619 87896 87369 87244 87010 87313 85882 81994 77992 73869 70573 67668 64049 61362 60091 58869 57599 56751 56459 56236 56052 55724 55149 54628 54253 53683 53455 53815 54423 54970 54492 53826 52174 49828 47399 44330 42273 39699 36066 32937 29917 25470 20686 16700 13196 10383 8264 7282 7001 6748 6746 8003 10347 13645 18305
110252 110803 109839 109585 111074 113336 115264 118203 119303 118881 116914 115004 112107 109165 105454 101762 98379 97401 97098 97023 96067 93524 92440 91159 90558 91775 91883 90157 87609 83470 79562 76222 73786 70889 68054 66252 65364 63968 62688 61556 60903 61271 60550 60065 59557 58258 57799 58374 58625 59598 59947 59953 58767 56229 52978 49116 45534 42060 38836 34743 31844 27603 23022 19300 14752 11617 9141 7735 7042 6846 6704 7563 9740 13176 17254 21918
114617 118414 115780 114801 116189 118462 120877 123124 124057 123113 121056 118758 116165 113419 110373 106363 104800 104721 103050 102629 100433 99081 96995 96141 96282 97001 96417 95028 92873 89584 86164 82750 79880 77283 74154 72850 72099 70265 69102 68369 67346 66864 65849 65386 64480 63737 63872 63689 65065 66475 66243 64504 63410 61164 58419 53076 48001 41583 37743 34051 31037 26102 21692 17811 13071 10426 8501 7383 6907 6956 7513 9051 12158 16098 20437 24309
123145 126345 123281 120554 121500 123931 126247 128994 129137 126583 124860 122606 120855 118218 115498 113217 111354 109237 107892 106985 106232 104963 102504 101097 102230 102234 101267 98895 96739 94818 91570 89572 87491 84034 80971 80040 79123 77163 75816 75834 74931 73721 73610 71994 71236 71708 70507 70238 71919 71713 70585 69783 68660 65800 63017 57849 50236 40904 37029 33825 29751 25239 21005 16153 12087 9781 8241 7162 7187 7711 8822 11082 14915 18948 22590 26600
