VNC_app_v-1.0/example_data/views_from.asc
ncols         281
nrows         251
xllcorner     277495
yllcorner     141995
cellsize      10
NODATA_value  -9999
[rows 102 to 135 of 251, columns 0 to 76 of 281]
10916 10110 9312 8384 7552 6898 6561 6390 6239 6256 5995 5648 5213 4691 4158 3767 3694 3674 3647 3669 3773 3941 4179 4451 4694 4902 5146 5613 7129 9298 11922 15555 20148 24735 26815 28840 30747 32722 34299 35332 36088 36667 37385 38035 38677 39463 40374 41433 42732 44147 45589 47095 48775 51046 53671 56611 58991 60419 61697 62675 62977 62677 61636 60079 58073 56072 54045 52710 51763 51090 50731 50733 51093 51510 51817 52007 52305
13583 12337 11279 10450 9885 9500 9199 8792 8293 7720 6912 6291 5678 5057 4401 3732 3502 3416 3351 3319 3339 3421 3614 3853 4155 4446 4676 4878 5145 6198 8666 11338 16403 21833 24106 25921 27579 29144 30460 31408 31954 32288 32703 33191 33757 34530 35482 36484 37814 39241 40699 42302 44260 46377 48720 51411 54289 56157 57366 58282 58836 58776 58197 57141 55528 53942 52476 51126 50129 49534 49084 49118 49234 49474 49493 49343 49253
15925 15191 14471 13894 13328 12880 12429 12014 11871 11602 10979 10048 8662 6720 5546 4554 3693 3361 3197 3105 3099 3155 3236 3405 3630 3913 4184 4429 4649 4913 5432 7878 10683 16804 21538 23544 25264 26750 27836 28544 28919 29038 29322 29583 29999 30502 31113 32019 33111 34432 35985 37760 39829 42115 44319 46456 49144 51657 52975 54266 55066 55168 54829 54145 53042 51635 50464 49158 48121 47514 47124 46988 47026 46995 46872 46508 46100
18600 17737 16986 16313 15793 15531 15467 15570 15672 15736 15468 14914 13747 11851 10025 7702 5313 3972 3197 3001 2917 2943 3043 3125 3287 3470 3718 3970 4184 4431 4675 4956 7085 10342 18346 21285 23077 24624 25766 26478 26763 26863 26941 26982 27252 27551 27964 28671 29812 31014 32306 33872 35708 37598 39668 41883 43876 46380 48403 49590 50441 50731 50780 50387 49605 48570 47486 46503 45436 44764 44420 44104 44057 43822 43469 43011 42295
21290 20447 19607 18950 18329 18021 17871 17961 18050 18166 17929 17498 16906 16186 15174 13535 10489 7560 4360 3202 2941 2844 2851 2906 2993 3132 3323 3533 3764 3980 4222 4484 4744 6480 11555 19653 21521 23059 24266 24860 25100 25218 25120 25081 25072 25147 25455 26110 27113 28221 29396 30772 32320 34069 35919 37943 39761 41637 43866 45297 46113 46530 46778 46666 46189 45515 44515 43692 42711 42060 41674 41195 40902 40512 39964 39360 38579
25486 24077 22865 21765 20939 20442 20198 20185 20225 20302 20199 19854 19382 18660 17817 16824 15562 13660 9871 6496 3612 2909 2841 2768 2761 2841 2964 3141 3358 3577 3808 4063 4315 4572 6591 14320 20017 21795 23080 23772 24116 24138 23960 23749 23590 23463 23469 23734 24463 25532 26651 27892 29467 31025 32631 34274 35924 37343 39087 40890 42045 42496 42797 42887 42582 41993 41248 40448 39725 38907 38297 37845 37296 36754 36076 35330 34579
29875 28625 27341 26085 25076 24371 23914 23557 23331 23207 22831 22370 21754 20962 20152 19247 18154 16807 15265 13102 8984 5175 2934 2769 2709 2691 2698 2793 2952 3170 3421 3660 3911 4160 4596 9049 18004 20097 21450 22354 22933 23056 22975 22717 22437 22197 22074 22229 22777 23526 24428 25457 26737 27869 29071 30530 31838 33066 34201 35466 36792 37810 38120 38271 38072 37678 37168 36580 36035 35343 34574 33999 33266 32676 32025 31324 30561
34854 32985 31512 30232 29389 28709 28150 27733 27490 27190 26801 26103 25211 24264 23061 21831 20575 18986 17524 15948 14186 11353 6920 3169 2659 2587 2559 2588 2684 2838 3022 3273 3530 3786 4070 5604 13555 18268 19633 20678 21357 21632 21591 21383 21055 20778 20601 20765 21172 21848 22790 23827 24830 25760 26616 27533 28348 29184 29901 30583 31180 31899 32546 32797 32958 32805 32621 32310 31918 31448 30875 30309 29711 29128 28401 27654 26866
39898 38390 36826 35296 34042 33190 32407 31880 31422 30907 30293 29733 28923 28033 26735 25348 23636 21722 19700 17814 16038 14171 11770 8046 4040 2466 2401 2411 2460 2570 2737 2956 3166 3428 3713 4147 9931 16344 17789 18864 19659 20053 20075 19961 19691 19395 19324 19333 19685 20340 21120 22005 22798 23538 24130 24716 25353 25890 26295 26682 26993 27343 27760 28244 28484 28633 28554 28430 28084 27707 27129 26501 26101 25594 24812 23969 23336
44788 42878 41389 40163 39223 38276 37358 36507 35833 35019 34193 33283 32397 31419 30331 28846 26805 24395 22200 20002 17846 15557 13510 11506 8786 5029 2329 2303 2324 2385 2528 2688 2901 3127 3345 3603 7870 13944 15796 16932 17810 18356 18518 18471 18289 18080 18059 18066 18395 18999 19617 20327 20924 21456 21788 22140 22482 22688 22804 22912 22994 23071 23385 23777 24090 24392 24456 24382 24204 23941 23499 22952 22532 22042 21477 20871 20344
50703 48598 46508 44789 43539 42522 41507 40668 39704 38632 37479 36428 35451 34460 33029 31074 28614 26196 23797 21620 19415 17047 14802 12788 11200 9420 6927 3775 2283 2320 2422 2542 2717 2890 3103 3320 6675 12034 13875 15087 16047 16608 16836 16933 16898 16845 16830 16872 17086 17493 18008 18583 19016 19370 19556 19692 19800 19750 19577 19336 19157 19148 19263 19600 19928 20277 20563 20602 20567 20300 19895 19682 19515 19232 18832 18334 17809
55303 53251 51364 49617 48100 46473 45123 43906 42719 41296 39374 37997 36803 35507 33957 31726 29054 26356 24337 22430 20400 18240 16116 14201 12731 11275 10050 8637 6930 4427 2982 2538 2646 2783 2948 3614 6592 10463 12246 13555 14590 15241 15647 15845 15836 15951 15910 15987 16148 16406 16798 17287 17640 17920 18011 17932 17839 17574 17202 16701 16322 16140 16150 16319 16591 16821 17141 17312 17353 17326 17229 17081 16912 16562 16090 15536 15085
58148 55878 53991 52487 50897 49380 47653 45922 44350 42701 40722 38611 36834 35418 33723 31583 28839 26001 24102 22603 21043 19403 17496 15924 14663 13530 12330 11256 10143 9220 8332 7544 6876 6320 6039 6637 7692 9360 10608 11923 13107 13828 14314 14589 14834 14931 14930 15030 15200 15386 15745 16105 16450 16540 16510 16258 15971 15467 14773 14016 13428 12979 12919 12996 13317 13619 14059 14368 14506 14540 14463 14327 14197 13867 13520 13194 12906
59861 57407 55392 53548 52125 50572 48970 47074 45184 43271 40989 38683 36678 34751 32990 30810 28264 25645 23964 22742 21629 20399 19061 17748 16740 15900 15066 14208 13289 12388 11545 10702 9861 9119 8633 8380 8464 8804 9427 10411 11459 12204 12796 13184 13555 13721 13851 13983 14032 14179 14508 14860 15065 14954 14736 14349 13842 13067 12008 11301 10863 10537 10465 10513 10774 11144 11657 11914 12151 12270 12352 12396 12399 12254 12074 11881 11712
60528 57695 55624 54024 52457 51013 49200 47189 45244 43243 40822 38419 36341 34309 32253 30212 27981 25954 24409 23405 22630 21714 20604 19698 19025 18435 17843 17139 16366 15531 14749 13862 12915 11935 11064 10229 9656 9343 9306 9754 10299 10919 11365 11922 12296 12565 12658 12692 12636 12750 12938 13174 13235 13079 12800 12235 11517 10568 9929 9507 9201 9021 8952 9040 9319 9793 10306 10627 10908 11122 11303 11397 11314 11219 11076 10922 10743
60236 57470 55101 53646 52205 50662 48841 46720 44787 42778 40584 38346 36477 34595 32488 30410 28622 26997 25781 24960 24392 23651 22772 22003 21537 21271 20779 20184 19432 18667 17830 16861 15739 14565 13436 12407 11456 10720 10238 10068 10217 10444 10758 11046 11222 11358 11349 11205 11118 11115 11214 11233 11224 11126 10919 10563 9726 9148 8844 8585 8393 8259 8212 8320 8614 9151 9584 9870 10119 10354 10515 10552 10486 10411 10272 10136 9979
59175 56625 54449 52825 51395 49766 47983 46177 44234 42473 40638 38775 37045 35512 33756 31914 30248 29024 28239 27631 27027 26376 25761 25388 25248 25126 24794 24240 23444 22467 21352 20069 18671 17243 15883 14528 13230 12215 11392 10911 10774 10688 10724 10763 10729 10637 10517 10283 10079 9978 9932 9906 9875 9827 9702 9220 8718 8432 8253 8099 7977 7835 7834 7948 8293 8718 9040 9296 9565 9778 9846 9823 9788 9703 9601 9451 9261
58199 55538 53400 51690 50186 48823 47228 45494 43895 42186 40513 38828 37213 35926 34593 33298 32380 32073 32076 32021 31796 31631 31237 30837 30850 30805 30371 29677 28602 27474 26136 24420 22444 20586 18799 17059 15389 13941 12792 12058 11596 11302 11107 10928 10721 10447 10188 9919 9570 9286 9113 8922 8844 8803 8703 8417 8207 8052 7979 7919 7835 7772 7783 7922 8199 8479 8695 8961 9151 9280 9335 9304 9292 9219 9147 9003 8819
56979 54179 51925 49863 48216 47023 45943 44218 42350 40657 39331 37936 36762 35839 34862 33848 33528 33945 34617 35339 36193 37174 38241 38909 39334 39551 39279 38457 36871 34381 31980 29695 27166 24701 22586 20417 18398 16478 14891 13690 12892 12319 11831 11420 10990 10562 10240 9921 9553 9179 8869 8538 8341 8225 8035 8007 8048 8131 8174 8204 8259 8279 8353 8385 8501 8680 8849 8961 9074 9131 9201 9178 9171 9162 9078 8958 8847
55473 52578 50209 48023 46231 45146 43885 42342 40827 39369 38111 36990 36078 35321 34513 34097 34455 35538 37046 38574 40630 42924 45315 47525 48270 48891 49008 48571 47128 44682 40980 36633 33175 30155 27078 24201 21758 19617 17774 16147 14921 13950 13132 12390 11709 11190 10693 10349 10022 9680 9277 8862 8600 8452 8451 8488 8588 8682 8764 8848 8934 9000 9112 9156 9166 9241 9332 9413 9474 9514 9549 9566 9564 9576 9562 9490 9446
54520 51279 48388 45967 44361 43384 42278 40771 39548 38502 37530 36549 35668 34853 34066 34084 35265 37881 40707 43664 47234 51038 54721 56840 57857 58590 58810 58508 57500 55552 52555 47599 41901 36542 32844 29468 26122 23152 20825 18869 17320 15924 14677 13624 12703 11978 11441 11059 10764 10446 10200 9824 9460 9343 9404 9506 9611 9731 9954 10152 10344 10456 10558 10547 10546 10567 10619 10656 10647 10671 10659 10680 10758 10839 10890 10911 10934
53265 49909 47143 44467 42938 42169 41557 40578 39421 38450 37659 36912 36316 35765 35370 36321 38818 42345 46304 50280 55060 60376 64592 66387 67537 68182 68378 67948 66790 64557 61544 57410 53006 47526 40802 35845 31637 28148 25152 22426 20125 18205 16644 15213 13949 12956 12288 11846 11543 11282 11074 10942 10750 10694 10750 10902 11058 11188 11348 11537 11648 11795 11852 11851 11853 11855 11884 11912 11952 11980 12038 12111 12202 12333 12555 12752 12811
51766 48738 45955 43611 42448 41763 41323 40851 40399 40091 39700 39346 39623 39921 40577 42820 46312 50726 55003 59773 65301 70279 72949 75207 76573 77054 76817 76198 74613 72237 69313 65758 61880 57169 51623 45708 39572 34896 30663 26955 23897 21290 18914 17071 15577 14265 13384 12808 12469 12278 12185 12150 12153 12254 12475 12614 12790 12953 13097 13328 13525 13673 13745 13783 13810 13807 13814 13784 13858 14011 14262 14476 14793 15111 15651 16133 16547
50738 48411 45921 43849 42635 42170 42231 42562 43127 43688 44288 45365 46888 48233 49943 52813 56531 60814 65156 69381 74100 77329 80420 82622 83373 83595 83387 82880 81901 79801 76596 72251 68610 65118 61081 55983 49579 43961 39038 33809 28935 24956 21807 19230 17287 15875 14962 14351 13931 13710 13687 13692 13800 13906 14057 14251 14467 14737 14985 15278 15645 15991 16332 16716 16900 17095 17271 17428 17609 17956 18435 19016 19482 19979 20485 20851 21228
50732 48990 47078 45409 44612 44767 45429 46407 47683 49104 50582 52299 54012 56171 57880 60927 65546 70202 73491 77179 80237 83526 86770 88657 89225 89142 88845 88383 87507 85613 83077 79600 74865 71251 68035 64292 59720 54478 48145 42646 36956 29981 25537 22043 19602 17920 16802 16028 15510 15304 15431 15580 15780 15921 16117 16455 16860 17370 17933 18715 19422 20042 20616 21159 21600 22083 22457 22834 23191 23508 23958 24396 24894 25556 26072 26469 26851
50521 49188 47916 47125 46884 47435 48424 49697 51555 53624 55905 58278 60885 63504 65825 69303 73437 76610 80122 82706 85380 88574 91444 93211 93915 94002 93745 93316 92477 90598 88252 85329 82044 77663 73924 70749 67065 62840 58058 51944 45071 37143 30461 25868 23001 20989 19569 18451 17816 17721 18192 18824 19275 19665 20247 20915 21543 22157 23036 24171 25422 26491 27168 27605 27828 28017 28138 28353 28709 29024 29380 29849 30252 30782 31301 31792 32230
50169 48917 47965 47508 47942 49036 50553 52720 55182 57988 60793 63845 67673 70570 73077 75977 78954 82082 84822 87123 89505 92483 95092 96859 97713 98146 98273 97887 97232 95607 93530 90728 87664 84482 80636 76043 73045 69419 64958 59501 52457 44704 35693 30703 27572 25213 23577 22522 22201 22544 23461 24529 25275 26076 26854 27791 28858 29851 30906 32114 33130 34078 34694 34801 34689 34457 34258 34087 34152 34229 34527 34981 35497 35965 36408 36685 37022
49327 47995 47059 46922 47682 49400 51800 55035 58287 61481 64653 68628 72725 75671 78088 80541 82793 85775 88410 90831 92991 95777 98219 99937 101128 101918 102298 102082 101354 100335 98582 96035 93027 90163 86934 83169 77642 74427 70505 65278 58543 50590 42961 36107 32185 29641 28161 27430 27449 28376 30317 32485 34180 35284 36246 37067 37749 38648 39613 40602 41401 41927 42091 42049 41813 41416 40989 40601 40421 40370 40366 40447 40517 40758 41144 41597 42045
47719 46636 46006 46102 47099 49535 52438 56080 60096 63799 67146 71297 75354 78480 80772 83209 85658 88674 91375 93832 95846 98442 100751 102805 104357 105494 106403 106645 105792 104914 103179 100933 98534 95678 92482 88924 84667 78704 74699 69852 63375 55733 48988 42661 38189 35613 34170 33473 33783 35269 38068 41407 44361 46055 47111 47929 48532 49301 49949 50637 50992 51306 51344 51046 50432 49462 48550 47827 47283 47063 46953 46905 47069 47257 47670 48102 48416
46050 45308 44703 44945 46287 48777 52104 56189 60810 64624 67851 72069 76056 79554 82058 84642 87138 90112 93280 96026 98364 101098 103666 105784 107675 109493 111114 111784 111124 109950 108125 105862 103444 100778 97950 93923 89778 84838 78531 73678 67248 60246 53791 47678 43262 40509 38292 36813 36522 38603 44747 51577 56079 58368 59768 60879 61638 62179 62643 62987 63224 63305 63121 62683 61925 60528 59216 58158 57270 56679 56298 56142 56280 56587 57206 58115 58833
44697 43787 43012 43240 44545 47616 50860 54962 59967 64044 67382 71122 75488 79353 82278 85028 87770 90729 94533 97598 100525 103712 106653 109240 112015 114780 116813 117364 116881 115534 113374 111076 108386 105663 102563 98969 94246 89350 83821 77079 70717 63411 56331 49795 44830 41144 38429 36805 36994 39536 47331 57730 64506 67038 68708 70100 71029 71545 71994 72246 72445 72481 72131 71782 71186 70435 69752 69057 68465 67881 67567 67864 68426 69177 70245 71208 71819
42874 42308 42093 42415 43505 45754 48987 53160 57868 62315 66145 69680 73943 78258 81727 84805 87908 91329 95807 100194 103387 107045 110713 114499 119309 121986 123538 123970 123493 122199 119668 116401 113493 110380 106774 103039 98624 93270 87726 80444 73724 65738 57864 50305 45201 40655 38054 36929 37778 40838 48773 60522 69803 73495 75899 77636 78672 79273 79698 79923 79986 79809 79483 79320 78995 78542 78036 77528 77240 76890 76808 77356 78377 79799 81216 82431 83448
41953 41522 41144 41195 42232 44348 46699 50729 55248 60050 64191 68223 72245 77236 81276 84669 88128 92524 98534 104406 109412 114077 118854 123791 126068 127471 128809 129511 129512 128574 126481 122817 118685 114971 110889 106421 102105 96931 91046 84754 76692 67660 59326 50951 44713 40597 38404 37996 39166 42092 49170 61391 73599 78924 82052 84206 85533 86283 86916 87429 87469 87343 86947 86686 86222 85803 85369 84859 84353 83933 83932 84743 86282 88263 89769 91189 92508
40952 40550 40154 40274 41114 42788 45164 48079 52622 57580 62044 66800 70897 77004 82438 86623 92172 98408 104504 110606 115533 120018 124220 127189 129471 131443 132888 133789 134090 133612 132226 129367 124428 119543 114984 109701 104811 99709 94103 87738 79712 69966 60795 51605 45087 41152 39288 39299 40468 42930 48900 61449 76006 83372 86637 89792 92273 93137 93652 93696 93171 92641 92397 92265 92052 91813 91471 91198 90939 90410 90592 91618 93294 95905 98098 100175 101901
